s,-1.8795774,1.0266174,1.1130861,0.4158914,-0.3588923,0.41433388,0.39499125,0.14791425,-0.1423104,0.7364179,-1.4774169,0.13013187,-0.34401917,-1.3091171,0.9032069,1.5972115,-0.78246754,-1.1282815,1.7126576,-0.75468147,0.8436072,1.2726332,0.6764472,-0.5102948,0.3928614,-1.1722809,0.6497151,1.8922005,-0.52019083,1.5283364,-0.25097242,0.29918095
A,-0.8793929,1.2832566,2.4563806,-0.62571687,1.2456603,0.040244948,-0.73289555,-1.5084752,0.7784392,0.46410096,-0.9659432,-0.41034484,-0.76325256,-0.80100155,-0.7794496,0.3645526,1.7167537,-0.0018818429,0.43406472,-0.67828345,0.50461924,0.699749,-0.16460197,-0.5538536,0.13112077,0.24077813,0.08939312,0.3086556,-0.91972405,0.42464352,-0.69202936,-0.44035548
C,0.37497807,1.1372691,-0.6835793,-0.15751198,-2.4103537,-0.94205433,0.44114923,-0.6340734,-0.40322453,0.20005007,0.28679392,-0.42063496,-1.0962692,-0.49062583,0.10201216,-0.7149449,0.569768,0.7064454,-0.61374956,-0.079001956,0.95614403,0.5113924,0.8199432,-0.2454019,0.15630728,-0.23061028,0.3318765,1.0879687,1.9219689,-0.4894893,-0.8934391,0.35508132
D,0.15609995,-1.9439788,0.017556759,-1.532979,-0.5947351,2.316256,-0.8175509,-0.5791401,-0.7242393,-0.022936564,-0.12159622,0.7106373,-1.1017909,0.6810534,-1.1421617,0.31185904,-2.0520017,0.13139632,0.7393876,0.2708457,0.09963139,-0.6829475,0.26131713,0.32835045,-0.23586516,0.13100992,-0.14482562,0.74214965,-1.5585481,1.5426399,1.5842576,0.9223828
E,0.9489176,0.21790263,0.09870099,1.0262764,1.404451,-0.11699251,-1.2551148,0.83262247,0.12416791,-0.19385204,0.59766555,-0.3522652,1.6485763,-0.44330832,1.5121117,0.28519902,1.2583696,-1.420291,-0.8316898,0.45108876,1.3009187,0.29820198,0.7723476,0.37353572,-0.82678694,-0.33272606,0.48511282,0.4392663,0.61331505,-0.6467657,-0.16110574,-0.20104095
F,-0.44164434,0.6813273,1.4997748,-1.3802797,-0.20464812,-0.27198765,-1.7563362,0.67306685,0.3476731,-0.9175226,0.713913,0.056361943,1.0394537,-0.6252348,0.2027267,-0.10985585,-0.55521154,0.024517605,-0.040989354,-1.4281242,-1.7819881,-1.1483021,-0.90378463,0.07440867,-1.802578,0.4287207,-0.8565712,-0.05285101,0.64118594,0.66357565,-1.8286545,0.8055443
G,1.3347582,-0.70744383,1.1862298,-0.63454115,0.6802622,0.96297896,-0.20086692,-1.0403788,1.6343595,0.3116569,-0.21844363,0.84458977,-0.3270827,-1.8887894,-1.9886485,1.1304352,1.1724569,-1.020777,0.6377382,1.4398364,2.0932631,-0.4721082,-1.2028015,-1.042414,0.71220106,0.81894964,1.338224,0.054857697,1.1606727,0.24458922,0.2677888,-0.3545723
H,1.5267932,0.32370305,-0.4195385,1.0826559,-0.23389886,0.32517925,0.36907715,1.3346574,-0.44015732,0.7047157,-0.05573853,0.50572443,-0.22393028,-2.3905377,0.49082103,-0.32649747,1.1155673,-1.6443443,0.03903838,-0.5970682,0.43137836,-0.885937,1.3731992,0.9913303,-0.48676005,0.26744026,1.4948868,-0.40821743,-0.13411577,0.112953484,-0.15654375,2.7767437
I,0.442556,0.10781769,0.17477298,-0.06945853,-0.8989945,-0.43185762,0.83366776,2.2053409,-0.1861823,-3.1030388,-0.1034586,-1.3741887,0.18245816,-0.2596233,-0.23735254,-0.088081926,-0.8409581,0.8164055,0.29693225,0.84136283,-0.8089302,-0.51098603,-0.55155355,-1.0884615,-0.21199441,0.60437596,0.47807837,0.3847795,-0.06618495,-0.64621496,-0.26760158,-0.57154965
K,-0.6986226,-0.5766002,-2.747063,0.23869233,0.26139185,0.50090593,-0.43626463,0.14010078,0.12455609,0.5825633,0.88723016,0.7848004,0.51633,-0.7766576,-0.90825665,-0.84558606,-1.7182499,-1.0607054,-0.5547861,-0.25783592,0.35221842,-1.9657009,0.14971438,2.9503226,3.2118855,-0.11320111,-1.4709784,0.7946934,0.9118523,-1.8242624,0.50027776,0.6778599
L,-0.14051598,-0.082043715,-0.8114312,1.3651327,0.15066856,0.5903208,0.032755665,-1.0636631,-1.5377032,1.0720142,1.588899,-1.6591207,-1.2089039,-1.9770875,-1.584333,-0.15613702,-1.5108867,-0.48298717,0.010085191,-0.9631684,1.2740749,-0.95208615,0.2317595,-0.76334673,0.38988987,-1.9621918,-0.1282334,0.98720294,-0.12473845,-1.4449923,0.08300692,-0.7030438
M,1.3407924,1.0861135,-0.035132952,-0.49066427,0.5580572,-0.33074075,0.40997505,-0.8368722,0.8987368,0.5433229,-0.8544548,0.7995634,-0.58894867,-2.1225913,-0.17971377,0.3089361,-2.1511104,-0.260747,-0.54522246,-0.56202143,-0.25875038,-2.2585447,-0.2043985,0.47577715,-0.8841295,0.35664138,-0.57353944,0.758723,-0.22842039,-0.63346034,0.20927604,0.5950027
N,-1.7276132,0.9805259,0.7279311,-0.52604973,-0.2600724,0.4308696,0.4496184,0.2578388,1.1929191,1.5100889,0.055455968,-1.0543895,-0.65586865,1.135036,-0.2892345,-1.147305,1.2119704,-0.48654312,2.695048,-0.71792597,-0.061092187,0.39347062,-0.24298477,0.18003772,1.2036203,-0.598612,1.2826409,-0.008347014,0.95187694,-1.6810683,1.2252905,0.51222116
P,1.3897529,-0.0858973,1.1812392,1.3934369,2.0775855,0.8494588,0.62117,0.8789577,0.46231276,-0.6996139,0.5527566,-0.77089494,0.02166722,0.0760775,-0.18111189,0.693147,0.77247536,-0.080816105,-2.0269883,-2.0192206,0.35444635,-0.24724434,0.56577414,0.4742224,1.2051605,0.22949843,-0.5090843,1.0853783,0.08522388,-0.4598201,2.0656345,1.1994832
Q,0.41643614,0.58030707,0.26507923,-0.40871873,0.35132438,-0.13547696,0.23801762,-0.67533237,0.85579014,-0.23624596,-1.3637574,-0.8174937,1.1823331,0.8375299,0.025107548,-0.33900812,0.21141322,-0.097440645,0.07321094,0.60410935,1.3505697,2.6591876,-0.13730054,0.036178984,1.2323332,-0.76954675,-0.7148562,-0.7802517,-0.54159737,0.4971032,1.071151,1.0833437
R,1.0105175,-1.0767864,1.6262225,1.583878,-0.61718655,0.47689056,0.12638031,-0.5154521,0.46309432,-0.36504418,1.4947112,-0.22155467,1.6273898,0.022266354,-0.07476873,0.530191,-0.20896634,-0.50198543,0.37234193,0.37009898,0.7394303,-0.94535536,0.5626943,-1.1361483,0.56482387,0.18494764,0.44164792,1.2913077,-0.23701389,1.4206073,0.4239548,0.9218584
S,1.0545105,-0.4905596,0.93805265,1.2100514,-0.67669636,1.4784809,-0.35945985,0.8355747,-0.4514949,-0.6132862,0.14245062,-1.2135203,0.7358077,0.08741062,-0.40611023,-0.61792654,-1.0226122,-0.36450875,0.75190353,1.1343222,1.5238209,-0.7622219,0.03206469,0.9897252,-0.69794786,0.47840387,0.7657288,-0.45687112,1.004038,0.51116604,-0.13980134,1.2395374
T,-0.05903917,-0.53284985,1.0119374,-0.64865357,-0.73844516,0.55726904,0.22195199,0.32541767,0.3917304,-1.1236042,-0.19420229,0.3811756,-0.8501019,0.00912933,-0.5339144,-0.7977378,0.86019707,-0.130187,0.268074,0.50726813,1.3174171,-1.8978966,-0.27734494,-1.1633273,-0.095145494,-0.0074592954,2.291833,0.0071116635,0.21384422,0.26722792,0.9365013,0.8001217
V,1.7992758,3.2035463,-1.3024443,-0.9307926,0.2915161,-1.1121776,-0.038613807,-1.4190066,-1.2056042,-2.317049,-1.393267,-0.422255,1.396546,1.237153,1.8118229,-0.8000841,0.66716224,0.4281305,-0.3294703,0.54549783,0.040596295,-0.8340059,-0.43864873,-0.4355035,0.78609484,0.5531357,-0.855595,2.0190456,-0.20000914,-0.111178,-0.6711152,1.2772245
W,-1.2504139,0.13083635,-1.1583301,0.5988973,1.0458244,1.0183755,-0.2486407,1.71297,0.5173973,-0.008203104,-0.16985291,-1.9343525,0.5285625,-0.9761649,1.0602392,1.9604354,-0.16792741,1.0192354,-1.8694253,-0.01219071,0.42054278,0.593326,-0.016916322,0.04433095,-0.6667901,-2.1697657,-0.17170425,-2.5910022,-1.7843373,-0.9045049,-0.33096573,0.9107887
Y,0.13047221,-0.189159,0.42034653,0.1461772,0.2636567,-1.489298,-1.0314115,0.32002032,0.37202516,-0.6900843,-0.38151038,-0.7640738,-0.048619132,-0.77505976,-1.0119514,0.24327654,-0.5610303,0.5347053,0.43935093,0.6980746,0.029866314,0.06645568,-0.7950368,-0.70393497,-0.14574859,0.78543574,0.19660851,0.4948831,-0.6153912,-0.1737777,-0.3734664,-1.1659545
e,1.7231183,-1.9232697,-0.16591966,-1.9828863,0.5025286,1.8723849,0.2354268,0.9673006,0.54798734,0.64592355,0.6232528,-1.526876,-0.7027615,0.12677304,-0.39954126,-0.6784514,-1.9250345,-1.5636709,0.25823858,-0.03028686,-0.83149946,0.10834134,0.0257543,0.074691534,-0.99207014,-0.10107636,1.749088,0.72989106,-2.4274774,0.029964628,0.93486947,-0.20298216
