s,-1.0684968,-0.8340812,-0.62574315,0.11436684,0.19268683,-0.26337746,0.49943674,0.31017467,-0.10788401,0.4777901,0.32650045,0.113969654,-0.0971185,0.048553105,-0.48188704,0.22588305,-1.7216288,1.0017548,0.5672018,-1.66962,0.345665,-0.5242081,0.19259663,0.14001973,0.4853594,-1.212306,-0.9112214,0.8526458,0.13638225,0.45631102,-0.80046177,1.4372686
A,0.39426088,-0.7559636,-0.28347868,-0.50709575,1.8901061,-0.1009141,1.2525101,-1.0821337,1.7795281,0.30827916,-0.66296005,0.07981092,0.09195994,0.50049996,-0.29140407,0.521188,0.13856119,-0.086794205,-0.9851746,0.068760656,1.1184092,-2.799393,-1.3220327,1.1954585,-0.557896,-1.0192173,1.9137381,0.37025043,1.7559376,-0.36187646,-2.1383862,-1.8162011
C,-0.2710377,0.8607516,1.1120162,-0.9256575,-0.5943037,-0.017865354,-0.7515134,0.9224955,-1.1501821,-0.5167586,-0.74127376,0.2408334,-0.08134567,-0.7950206,-1.4428647,-1.0015607,-0.047768876,-2.169152,-1.2769356,-0.7120836,-0.45032406,0.2740828,-0.63442254,-1.3567271,1.4226499,0.3751278,-1.030551,-0.466889,1.2073247,0.16465864,-0.06281823,0.11076844
D,0.7986986,0.48076355,1.6587822,1.8306448,-1.7351669,2.3253791,1.4390619,0.6743721,0.40724632,-1.0621992,0.5114318,-0.57051915,-0.15995963,1.411875,0.7284439,-1.658625,-1.4614289,-1.511735,2.120108,-0.24255827,-0.49978408,-0.6540177,-0.5152724,-0.4018069,0.09918129,1.4264925,0.08678733,1.8801066,0.14575033,-0.7002427,-0.5119381,0.7149711
E,0.030975869,0.6336948,1.1489309,-0.8835545,0.6321311,-0.04113941,0.61875206,0.16363214,0.43655917,-0.9984468,-0.47040305,-0.25345206,1.774956,-0.48374274,-1.1677288,0.16167973,-0.38897178,-1.133204,0.6304529,-0.46927688,-1.1075408,-1.2374394,0.71408546,0.8382596,0.048831314,-2.0668144,-0.3794294,0.2551911,-0.035741966,-0.561828,0.090736784,0.23368448
F,-1.005717,-0.9867545,-0.6514604,-0.41874722,0.21642451,1.0603248,2.0316286,-1.0788761,-0.9737996,-0.9579664,-0.40412286,-1.7002784,-0.082891665,-0.7683435,-0.48169956,-1.1751812,1.3383011,-0.3005584,1.7696769,0.17796636,0.027457712,-1.5933688,0.5309663,0.64073986,-1.571197,-0.8530108,-0.23314849,-1.233636,0.1987942,0.61513907,-0.8217359,-0.07531989
G,0.8480209,-1.7693253,1.0399065,-0.032630913,0.33082137,-1.7104001,0.26795852,0.4156798,-1.0160909,-0.95648414,-0.108040206,2.039619,-1.8378321,0.24937975,1.3074269,-0.5922225,-0.49114078,-1.0423876,1.3447335,0.30822417,-1.3701727,1.1638281,0.56437624,0.37780046,-0.12515397,-0.8284288,0.5020595,-0.20304649,0.28151003,0.67556995,-0.13076624,-0.6540937
H,1.0465125,-1.3843789,1.2009797,-0.22054182,-2.283638,-1.3033309,-0.6624154,0.2648671,0.8372871,0.108431265,1.114593,-0.35088518,1.0691638,0.04514495,1.6358522,-0.20869085,0.2874809,2.3212469,-0.6914582,-1.4075344,0.22653867,-0.7210703,-0.3243851,0.8996955,0.84112847,-1.3049196,-2.354397,-0.4664745,0.6168833,0.5812,0.15557057,0.8419324
I,1.0069344,-0.34220952,-1.1413025,0.92380816,1.5486988,-0.0039465874,-0.36545974,-0.52357686,0.7947745,-0.7450035,-1.5663742,-0.7725819,-0.9232699,-0.2216485,0.31793618,0.37497732,-0.29367697,0.92511624,-2.0029557,0.22017686,-0.6877875,-0.47283477,1.16393,-2.269408,-0.33880696,-0.9745561,-1.1945057,0.9686116,1.2279849,-0.28516036,0.41890395,-0.20741335
K,-2.2110958,-1.760813,-0.4100685,-1.5729038,-0.99579865,-1.2901614,1.1810343,-0.9325213,0.086241275,-1.199275,-0.59782547,-1.9742614,1.5049903,0.61026573,-0.06525727,1.2282559,-1.0542608,0.61294866,-1.1467652,1.6069766,0.013821256,1.440189,0.43686694,-1.1758898,1.4285532,0.28323358,0.2535252,0.55989486,0.9909455,0.8854245,2.363805,0.5342955
L,-0.72935474,0.43891707,1.0157179,-0.13415952,1.2420319,0.57088655,0.28678355,1.5441338,0.27095896,-1.0625161,0.06537901,-0.03583605,-0.7090938,-0.35079175,-0.04991369,0.05199684,0.0365345,-0.38181755,0.44432154,0.5299711,-1.4183605,0.76497966,2.072093,0.30439183,1.7049922,-0.5242392,1.0527824,-0.58999753,0.259403,-0.06669449,-0.08658416,0.08905277
M,0.027251627,0.99559724,-2.2623994,-1.5499417,0.91205275,0.018941158,-0.6155453,1.0524774,-1.3127289,1.3475275,-0.60973144,1.1671362,0.4576885,-0.45636672,-0.08065805,-0.09827675,1.3783469,-0.9713656,0.37986162,-1.9230756,-0.8639694,0.08868407,-1.1716334,-1.130021,1.170177,-0.47064215,0.9091149,-0.33842042,1.4354055,0.1283432,-1.8884928,0.567028
N,0.13511105,-0.30509502,-0.031312782,-0.7965712,0.6788733,-1.0104321,0.37831357,-0.45000157,-1.6322942,-1.0068033,-0.27934402,0.7386956,2.0797548,1.0680747,-0.9873851,0.42743084,0.08401734,-0.67030483,-1.1207237,-0.038088903,0.31960028,-0.030378833,-1.7480772,0.34539872,0.7473019,-1.4754887,-0.3258999,-0.3791283,-0.23077308,1.3191816,0.61780334,0.19677241
P,-0.32649395,-0.17893003,0.02719289,0.5421291,-0.38208398,0.092792146,2.3593585,0.14508572,-0.2615111,-0.09830842,0.4870377,-1.2051909,0.24756435,-0.24721818,0.32683587,0.12151733,0.9064458,-0.16679607,-0.073668435,-0.75027937,-1.8170449,-0.8216576,-0.057542212,1.668042,1.3050559,-0.93682677,-1.4371212,0.003734611,0.25752556,0.5140837,-0.38805315,0.27804717
Q,2.0413826,0.09336091,1.3429495,-0.30896994,-0.45457825,-1.5528787,-0.34478343,1.9379843,1.720776,0.031197684,-0.6755378,-0.8649246,-0.34583652,1.5656384,-0.048574656,-0.31571645,-0.071899526,-0.6896761,1.041069,0.1058715,-0.8386439,-2.8595586,1.4724977,0.20734857,1.904449,0.694098,-0.7514445,-1.0076797,1.4144675,-1.0345147,0.615839,0.47358328
R,-0.88839066,-0.45212314,0.31116274,0.28833628,-1.0000529,1.2325007,-1.1547732,-0.5843103,0.738546,-0.2558262,-1.227918,1.4661999,1.2953522,1.4296782,1.0094064,-0.49858403,0.63833,1.7751827,0.7167896,1.0549943,-0.21869543,0.2316927,-2.7275076,-0.4375936,-0.6301569,-0.1768434,-0.47778282,0.032527994,-0.72353345,0.6046312,-0.7326458,-0.6987988
S,-0.21647038,0.63003385,0.9941713,-1.5836631,-1.8177651,-1.292345,-1.7879307,-1.0549097,0.064224385,-1.0219709,1.44872,0.18529837,-0.06896002,0.533619,-0.68327165,1.5740668,-0.4299968,-0.6651539,0.43989146,-0.27329,-0.94453144,0.3139248,-0.17941836,-0.4800994,0.41585758,0.3838948,0.5523228,2.025696,-0.24530609,-1.0380167,-0.39312693,-0.8658899
T,-0.11069375,-0.66849685,-1.457917,0.30252442,-1.0791903,-1.652579,-0.09411294,-0.04764009,-1.1136575,0.62469316,0.7037933,-0.32262248,-1.6947972,0.3829034,1.8628553,-1.4219667,-0.5732508,-0.1435163,-0.04404812,-0.957347,1.9456611,0.24648356,0.015235104,-1.7617933,0.44028825,0.6569201,-0.11453122,-0.31819785,0.14850904,-0.879579,-0.36796597,-0.89088696
V,-0.16407835,-0.676581,-0.322468,0.3436841,0.9220191,-0.7031285,0.20371047,-0.24768151,0.5187886,-0.4612793,-0.38954812,1.5019026,1.5127696,-1.6201669,-1.4684526,0.46310496,0.23417608,-0.36549813,-0.31659463,0.08686333,0.46981445,-1.5060544,0.44044837,-1.9412026,0.9083837,0.461653,0.48002785,-1.7051611,0.65123934,-1.4738873,-1.8656436,-2.56364
W,0.74521977,-1.6469693,1.1043781,-1.7644273,-1.184576,-0.491211,0.42421097,-0.6051113,2.478102,1.7457838,1.0539339,1.5140103,0.151155,0.091445185,-0.7962998,-0.16020669,0.29365143,-0.28723586,0.84106034,0.57961744,0.6738261,0.32714385,-0.5161042,0.5315999,-0.8282522,0.33195883,1.8152928,0.5172346,0.45075563,-1.5460238,-1.3695233,-0.26079953
Y,-0.6362861,-0.6229307,1.3804312,-1.1046003,1.2419188,-0.5714119,0.16647553,-0.43924785,2.0679889,-0.1122324,-1.260893,-1.2247112,-0.5728127,-0.07449654,1.3589334,0.4080768,1.3499331,0.39200678,0.390245,-0.9558868,0.2579369,0.9830334,-0.8446198,1.022036,0.0084352605,1.0508939,-3.3894217,1.094677,0.6952152,0.64635634,0.48508942,-0.17149042
e,-0.07952217,0.75843114,-0.76061976,0.19344476,-1.0130795,-0.7021177,0.5016573,1.6639642,0.14098728,1.6569334,1.0341911,-1.4125651,1.1387006,1.5082904,0.91469175,-0.83431524,1.1869439,-0.36429328,-1.0956589,0.33815372,-1.5358804,-0.5521058,1.0152733,-0.043537557,-1.6217093,0.42914551,1.0187672,-0.4437015,1.0017993,0.7450192,2.1073642,0.86329633
