s,1.3727963,0.19443448,0.14929686,-0.2146833,-0.07203826,0.6304758,-1.2788092,0.16780505,2.1718209,0.6226078,-0.021718116,0.6063811,-1.5502009,-0.9902744,0.6606995,-0.6858125,0.82151353,0.17126927,-0.806557,-0.45018858,-0.093060866,-0.4364462,-0.7960838,0.39468443,0.46175477,0.26459637,0.18069507,-0.32046893,-0.29417434,0.12157883,1.1054157,0.88362247
A,1.9731244,2.2817152,-1.2678387,1.0272095,-1.0317218,-0.7639787,0.659473,-1.0027148,-0.359684,-1.1934909,2.0860453,0.22891542,-0.043128166,0.2754514,0.01403658,0.29676145,0.9632594,-0.10525018,-1.1277713,0.20432441,1.3739185,-1.9384843,-2.0038126,0.32701346,-0.99716425,0.5173805,-0.104225576,0.59999216,-0.78845906,0.7716657,0.57085687,1.3093507
C,-2.9277148,0.064262755,0.9407541,-1.8296454,0.0439737,1.3889276,-0.78753453,-0.9718405,0.3750132,2.0375836,0.22125652,1.1121733,-1.0272776,-0.8000003,-0.6899893,-0.022643348,0.9265423,-1.4102379,1.4218715,0.28914362,0.6236985,0.9965113,0.2654051,0.1776342,-0.75299907,1.2372068,-0.0148232,-0.18934105,-0.86240816,-0.51630247,-0.63076013,0.28774184
D,0.40545276,0.76085144,-0.7969514,-0.8272882,-1.6964353,1.2746305,-0.062097307,-0.90438545,-1.5222223,-0.34289348,-0.07281504,0.29058844,-1.9889715,-0.050408415,-0.020077841,-0.11906146,-0.18976593,0.47995344,0.7778368,2.1203074,-1.1399901,1.3640202,-0.3443865,-0.9119822,-1.9639313,1.9976867,0.8652023,-0.10163371,-0.8447493,-0.3555027,-0.43600863,-1.2030003
E,1.171916,-0.15169172,-0.088799015,0.1876929,-0.021240415,0.8590565,-0.7113875,0.60669905,0.037957475,-2.808156,-2.199156,-0.2688508,-0.7510538,-0.39514098,-1.3234584,-0.7966847,-0.62032866,-2.0151098,-1.4230813,1.1368865,0.95144624,1.0389428,-1.0382795,1.0487521,0.8646983,-0.58685786,0.0086892005,-0.7900727,-0.981594,1.0236194,1.1040813,-0.35685763
F,0.8274666,-0.77292585,1.0675477,-0.44520262,-0.9113484,-0.6634481,-0.24373297,0.17426051,0.3752788,0.37179697,0.08548753,1.1539497,0.9027989,-1.8397268,0.8176988,1.5742862,-0.94243383,-1.1620032,2.6461394,-1.3954809,-1.8799909,2.2857196,0.19934347,-1.7253703,1.4086139,-1.3704864,0.06581542,-0.7098764,1.4609966,-0.6373904,-0.26004893,0.24768032
G,0.41644838,1.2575716,0.35776046,-1.4248472,0.63159025,0.28019205,0.9998483,-0.85792214,0.1429029,-0.7750625,0.9251938,0.05922439,-0.4218297,0.7894344,-0.50038993,1.9282657,-1.1179998,1.1319431,-0.59726274,-0.32966712,-2.2904677,-0.90907687,-0.3089078,1.5324537,-0.21693249,-1.6732398,0.23286146,-0.24498625,-0.7186449,0.92875844,0.49283287,-0.37096283
H,0.13448496,0.18345046,-0.21646157,0.08428966,-0.4582023,1.2135878,-0.064218216,0.32175136,-0.83326054,-0.06892912,0.7718181,0.5668667,0.19536668,-0.48336038,-0.15811077,0.95514446,-0.035462547,-1.3277194,-0.8897555,-2.5451653,-0.6677014,0.8207422,-0.072822005,-1.3015741,1.0351268,0.011989837,-0.57875866,0.91731244,-0.56056994,-0.28891402,1.3343898,-2.139125
I,-0.2077011,1.2649761,2.0842543,0.24770735,-0.16820969,1.0354755,-0.1541959,-0.5942502,-0.9830515,1.9697094,1.5063943,-0.2861946,0.52740246,-0.7715174,-0.89067745,-0.8876473,0.5546035,1.318479,0.8876648,-0.6380071,0.5062606,0.7398374,-0.33008093,0.047422685,-0.48822868,-0.47643983,0.39386076,-0.43835154,0.29641193,0.5667822,-1.2987328,1.0273799
K,-1.2194345,0.41455546,0.6484575,1.6741855,0.6005163,0.27493134,-0.030230155,2.9349232,-0.95056015,-1.3402019,0.66975707,-0.46541348,1.316324,-1.9810531,0.94969064,0.44989106,0.33913174,-0.1367567,1.0880839,-1.2404437,-0.9484183,0.16037098,-0.58716995,-0.31998748,0.052953262,1.5840423,-1.1202867,0.29439372,0.4851752,-0.41801438,0.025217136,1.6222398
L,-0.06622855,0.7086281,-0.95846885,-1.2651755,0.7537841,0.15649159,-0.06755995,-1.6134639,-1.9522594,0.30815566,-0.33682498,-0.5256407,0.12611844,-0.83648103,-0.10752911,0.48791975,0.65196,-0.31230658,-1.224551,0.49995863,-0.9622344,-0.11377397,-0.6820471,-0.01662926,-2.2844565,1.3692764,-0.115047775,-2.3363657,-0.60914916,0.6075344,-0.9623271,0.5027574
M,0.2632086,1.4102064,-0.728034,0.4291529,0.05106109,-1.2880752,-0.9309756,1.5540482,0.5978776,-0.5616777,0.8040255,-0.81392026,-0.90408206,1.4873745,0.83131796,0.9647346,0.73427474,-1.1219355,2.3675563,-1.7927951,0.56427014,-0.59715885,1.3654864,1.5840439,0.6159211,0.6092538,-0.45530698,-0.5655213,-0.48759055,-1.3763192,0.40499032,2.0856295
N,0.58493793,-0.038798466,1.3302447,0.6951963,0.42244267,2.0149267,-0.19489373,-0.47418848,-1.7037483,-0.48666978,0.40689012,1.0186206,0.08884746,0.71054995,-0.1448297,2.1181438,-0.8486578,0.8967317,-0.4357902,0.9169471,-1.162539,-0.56399024,0.76812106,0.17740732,0.16356802,-0.5632453,-0.86673385,-0.66662925,0.034219455,-0.77989376,1.4737544,-0.9742137
P,0.38494086,-0.9781334,1.1497135,-1.7174904,0.54850066,-0.15188824,1.7497847,0.30013084,0.6209068,0.93628067,-0.28199852,0.68170685,1.003481,-0.53905493,-1.8228297,-0.263435,-0.3447608,-0.014313983,-0.5304678,1.1454197,0.814742,0.4547286,1.1055611,0.77145004,-0.7771635,-0.41390035,-0.16067652,-0.9271607,-2.571177,0.05392189,-0.4494239,-0.7923357
Q,-0.5129088,-1.4445904,1.201414,-2.5749521,0.07008726,-2.7399511,-0.57712656,1.1989278,0.40643525,-1.1916344,1.0511178,-0.2763842,0.27444822,0.4201544,1.0440751,-0.40554693,0.61010104,2.1399488,1.4958587,-1.1193681,2.4861996,-1.4416964,0.08208748,3.0315468,-0.15925002,-1.4627551,-0.006823212,2.0508318,0.11126575,-0.57436514,-0.89167786,-0.9381811
R,-1.5711254,-1.1989477,-0.7244717,-0.75592285,-0.18939236,1.2383175,0.05761431,-1.2121377,-0.41880855,0.79665637,1.3799703,-2.0321963,-0.04192238,1.1855171,-0.5201945,0.028618354,1.3870716,-0.171413,-1.2991745,1.5804433,0.42471185,0.7128915,0.94228154,0.048019163,-0.7675139,0.039300963,-0.66610825,1.8711585,1.0095091,-0.22206058,1.4971864,1.6576331
S,2.2540035,0.33387795,-0.21706487,-0.681478,-0.7966273,-0.16197157,-2.0913846,0.8444843,-0.4113798,-0.9529593,2.2713668,-0.76233673,0.45808664,0.1450623,1.0424403,2.0041301,0.11425826,-0.09267627,1.2742373,1.0084199,0.9599204,-0.8541792,0.7082751,1.6746616,-1.5764052,0.0056145396,-0.27608538,0.7016614,-0.39367965,2.0602987,-0.41649786,-0.1470602
T,-1.1295521,1.3310903,2.0004654,0.3530983,1.0895209,0.52119434,1.298961,-1.4479605,0.6044209,-0.3700072,1.0113987,0.60707825,0.30352032,-1.6223543,-0.8395497,0.038351804,-1.569138,-0.1739557,0.6107089,0.4105349,0.7768196,0.37649724,-1.7294314,0.46982855,-1.6620867,0.5552232,-0.8553285,0.45815748,0.16350725,-1.030554,-0.09750474,0.51517
V,-0.3986241,-1.7728037,-1.3937116,0.70107067,-0.6516115,-0.49932984,0.14828151,2.1035295,0.130326,-0.6227019,1.2015522,0.35357043,0.80784065,-1.047663,-0.73785627,-0.12095729,-0.2350627,-2.0896938,0.7267559,-0.20318067,-0.4633575,-0.48757032,-1.1568288,-1.1767194,-0.6643034,-0.7539871,0.18318908,-0.37661505,-0.6908272,-0.8989973,1.3601761,0.76216435
W,1.040849,1.3759911,1.5396883,-0.091494456,-1.0042119,-0.5061219,0.51620775,0.52753586,-0.8180835,0.27814338,0.23852503,0.3226356,-0.18986166,-0.54069614,-0.76571655,-1.7218115,-0.55688894,0.3127397,1.6295503,2.4718697,0.00850921,0.42346138,1.431118,0.79437983,-0.40691522,-1.1498739,-1.7298594,0.05325811,-0.9073916,1.0009367,-0.605898,1.0790484
Y,-1.0519998,-1.0719091,1.3696115,-1.7908734,1.1720438,0.30174914,1.642172,1.2238706,-0.891263,-0.17611837,-1.2675682,0.28867525,-2.8320506,1.4266094,0.48390573,-0.5123893,-0.5349848,0.050887987,-0.4408412,-0.58539885,-0.7911601,0.6112238,0.5637169,-0.38718316,1.0117114,0.7706505,-1.695346,-0.5852965,1.5415597,-0.14030208,-0.49046776,-1.7685044
e,0.029237168,-0.4540395,-1.0357214,-0.12801698,0.30396324,0.70380616,1.3608632,-0.6042582,1.0802139,-1.3711559,1.3629874,0.3128886,0.89007515,-0.61533177,2.1372042,-1.0195483,-0.3597562,2.049295,0.7474503,-0.89307445,0.7819634,0.18702444,0.18493608,1.0085994,-0.666407,0.47499612,1.6671317,0.75614166,-0.037633635,-0.7042298,0.23893137,1.8261247
