s,-0.43914038,0.36172774,-1.5580685,-0.6741237,-0.90667486,-1.4996911,0.79720926,-1.0698434,-1.5382005,-0.23332049,0.10818057,1.1639385,-0.91985613,0.5177797,-0.039973322,0.5860154,1.4242122,0.06483832,0.84583604,-0.31428066,1.5141128,0.3986112,1.3602806,0.22945449,-0.7177199,1.286447,0.670316,0.44072548,0.07727736,0.09956517,0.5514599,-1.1886452
A,-1.05173,0.01783882,1.8347872,-1.3767542,0.8383382,-0.53255004,-0.5139038,-0.81838876,1.1946721,-0.3779766,1.6091298,-0.34477332,-1.331455,0.02868054,0.026526244,-1.6965272,-0.5944596,0.6882801,-1.1191766,0.7094776,0.76473135,0.14121749,-0.4274358,-0.50815153,3.3819818,-0.49761015,0.612838,0.20515357,0.21624146,0.8023181,0.75068986,-0.14652841
C,-1.3312877,-0.4590023,1.1777039,0.8524852,-0.33087334,-1.870059,1.3512253,-0.7005403,0.388294,-0.31478363,-0.9458431,0.008159671,-0.052389182,-1.3557023,2.0832655,0.7692422,-0.6074396,-1.1302732,0.5857083,-0.7979325,1.3234196,1.0404067,0.44127607,-0.61911625,0.79278433,-0.082941115,-0.7372249,0.43192035,-1.1126392,1.0712203,-0.64389485,1.3310313
D,0.9034329,-0.21542573,-2.0883102,0.040699795,-1.4030598,-0.1975333,0.74799365,2.190631,1.4244149,0.2085786,-1.0153258,0.113945864,0.7679857,-0.5381001,0.09479275,0.1243283,-1.24491,1.4749956,-1.2445865,0.16063032,0.072384864,-0.7732448,0.016206626,1.9550266,1.8799384,-1.552464,-0.46745294,-0.5043917,1.3376485,1.5587226,1.1064901,-0.4943446
E,0.09951532,-0.5552187,-1.565782,-0.809648,1.2912178,-0.024469934,0.59810007,0.9329149,1.3267121,-1.0371176,-0.3516189,-0.82216126,0.59281945,0.9009941,0.17536579,0.17538053,-0.00078997976,1.625605,0.37079662,-0.44416177,-0.031699844,0.066338524,0.0866759,0.9979516,-0.12602358,1.9259342,0.25266,-0.5500117,-0.41541573,-0.66314816,-1.0218365,-1.9012069
F,1.1368686,0.8900865,2.0192158,-1.0105983,0.13286926,-0.26823032,0.42274567,0.009668554,-0.3934653,-0.80764186,1.6098531,0.891761,-1.6979626,-0.79002255,1.0638628,0.3445421,0.3332875,0.3921835,0.26807666,-0.61541206,0.4611797,0.5026674,-0.019140257,-0.008757469,0.23085752,-0.40954113,0.5778445,-0.052945282,2.9773118,-0.56423813,2.0512574,0.17146426
G,0.81477636,1.6638479,1.0233874,1.5594189,0.12505451,-0.0049825488,1.5905945,-2.0953157,-0.28009388,0.6529682,-0.28137383,0.25651038,1.0630602,-0.601001,-0.81141526,0.91518855,-0.9029891,2.0499995,-1.3492169,-1.0093967,0.61889946,-0.03289837,0.14033262,0.17119393,2.3440034,-0.31925082,0.49552375,-0.47898525,0.056242846,1.0905868,0.76982945,1.0564132
H,-0.73441637,-0.23987456,-0.42363226,1.7209475,0.0770213,-2.5009716,0.7890732,0.340369,1.0541341,-0.036916997,-0.053851467,-1.4848711,-1.3794844,0.44924128,-0.43085873,-0.2864194,2.3177133,0.21798104,0.014229395,0.6335268,-0.7871753,1.9650325,1.0575678,-0.30805293,-0.51411057,0.4694763,1.3057214,-0.040930398,-0.85932875,0.3594325,-1.463313,-0.9073902
I,-0.99682605,-0.08541593,2.1017647,0.20140181,-0.30574414,-0.7211492,-0.092060566,-0.8386038,0.7890171,-0.9935819,1.69371,-1.7441349,0.6598853,1.423095,1.0245773,-0.092511505,0.2597336,0.44307607,-0.9075071,-0.11046862,-1.6344932,-1.0467044,1.8085518,0.97764194,0.07610533,1.2644461,0.63599,-1.3970617,-1.0695388,-0.6047968,-0.000791146,0.5466831
K,-2.0618103,0.46462068,-0.74340117,-1.0124975,0.69815856,0.059267595,0.6714231,0.61320084,-1.957602,2.781964,-0.7209248,2.8644564,0.19397311,2.3325438,0.444268,0.5796132,-0.97307646,0.3679113,-0.21302696,0.7774636,0.33666146,0.12439096,-0.12608965,0.117794715,0.9755932,0.8863141,0.9982598,0.075847566,1.6131563,-1.3749437,0.6148809,-0.9057961
L,-1.6614332,-0.27373296,0.4487612,-0.018937659,-0.30198157,0.847246,-0.39158198,-0.81311446,1.346023,-0.59176266,-0.21935092,-0.23243071,-0.9596107,0.08285757,0.8866993,1.3395209,-1.3454682,-0.649454,1.2634298,-1.0911,-0.26429737,-0.17516717,0.06674065,1.4076719,0.9726987,-0.7709215,1.4175392,0.4918152,0.14360556,-1.5787818,0.48997915,0.608402
M,-0.5664759,-0.4867918,-1.1769718,-0.28578454,0.050599895,0.077303156,-1.1987952,-0.36100593,0.077218324,1.3360162,0.57118034,0.21710019,0.9422827,2.9704986,0.8104638,1.8058919,1.4706239,0.89303327,1.163179,-0.92006016,-0.38351503,-1.0008765,-0.35732934,-0.0885771,-0.7360901,-1.4364232,0.039379384,0.4707945,-0.8285279,0.19371168,-0.06734018,0.3329015
N,-0.45338744,-0.58906335,0.81345004,0.35788205,1.0231535,-0.073428385,1.1123604,0.59104574,0.6677091,1.1906201,0.7394461,-0.5945504,0.9895469,-0.44033343,0.6422843,-0.9436137,1.7073219,1.5669595,-0.92758393,0.6092729,-0.49159873,0.22374256,1.2919089,-0.7086709,1.0999407,0.48405877,-0.0730129,-1.0289164,0.84477735,-0.19407618,-0.045356993,-0.004584129
P,0.2931554,-0.4732742,1.2816945,1.3628197,1.1680542,1.1817371,0.55551064,-1.1621557,2.2744777,0.14774211,0.1112222,-0.059777115,-0.2767067,1.2487905,0.16357416,1.3565452,-0.45215237,-1.2311796,-1.1579909,-0.504003,-1.6126059,-0.110835426,0.49796337,0.4285669,0.08380209,-0.054810703,0.13215376,-1.0697832,0.42450154,-1.2573099,0.5263127,-0.7512345
Q,0.087813675,1.8253655,0.9239662,0.9311513,-0.32429934,-0.2784136,1.0772371,-0.85664904,3.248048,0.6300045,1.2178079,0.22000885,0.4768839,-0.49898264,-0.15983517,-0.10912025,-0.30602717,0.14784509,1.2814906,1.2515258,-1.3498868,-0.019020183,0.6992709,1.3346366,0.29786584,-1.6792148,-0.092998356,-1.8856285,-0.38186267,0.13935381,0.925501,0.69144857
R,-1.7690638,-1.264707,2.3144841,-0.32996514,-0.79923886,0.8210714,-0.8535525,-0.49352235,0.19580686,-0.9653207,-0.37010288,-1.3546638,0.10830894,-0.37813085,2.1154282,0.4202841,-0.32352072,-0.78128296,-1.4026121,0.20088041,0.35146824,0.26651114,-1.5425134,-0.95547163,0.7213726,0.86332065,-2.2476306,0.72401273,-0.17344959,0.16010639,-0.8428173,-1.8109347
S,0.85949224,-0.29134804,-2.183733,-0.4929574,-0.010922805,1.8389539,1.3479974,-0.2634796,1.1719446,0.12039896,0.59754884,2.7110515,-1.296204,-2.3863878,-0.07163699,-0.28669682,-1.0762842,-0.4592617,1.6485215,-0.046294637,0.15426992,-0.10429853,1.3726053,-1.4457502,-1.6246827,0.18754667,2.0681534,-1.1450336,0.577687,-0.35239536,-0.13390274,1.8383694
T,-1.5398657,0.006483658,-0.5444086,2.19676,0.13848831,1.4062544,-0.8861241,-1.8717417,-1.600034,0.10442105,0.13507229,-0.8210759,0.5302915,1.2678922,1.4116404,-1.4267747,2.0456839,3.0312076,-1.438197,-0.534376,-0.20431083,-0.72723573,0.5410278,-0.012534479,-0.021025259,-1.2581987,-1.5928199,-1.6652029,-0.26892826,1.2932482,-0.455661,-0.043882716
V,1.5249293,0.66439915,-0.9876393,-0.12626316,0.84394604,0.81501997,-0.855565,0.4743685,-1.5847218,0.20776202,-1.572216,1.2588233,1.3730907,0.12909283,-1.5545716,-0.63364935,-0.5295802,2.1915948,0.43332154,-1.595653,0.9225858,-0.30786812,-0.005252383,-0.3261527,-0.3619979,-0.47833705,-0.66411334,0.90564585,-0.5585842,-0.081292786,0.337597,-0.14739697
W,-0.4118012,-0.42406273,-0.9299139,0.012932535,0.7626937,0.12378538,0.49945045,-0.218713,0.38567546,-0.48883575,-2.064402,-0.1197297,-1.1382918,0.9128468,0.19192363,-0.09896062,1.5047978,0.08441246,0.78289074,0.716626,-1.0195882,0.2903545,1.6879759,-1.5588188,-1.5284172,-0.48541,-0.155734,-0.02776739,-0.71651727,2.099798,-0.67855346,0.34221828
Y,-0.43530887,0.37045297,-1.1147015,0.022506438,0.76381195,-1.0137283,0.3492918,-0.58715177,-1.5705856,-1.0997219,-1.111134,1.1299464,0.64385974,-2.4811976,0.76175016,0.7367891,1.5628657,-0.068534106,1.866319,-0.46499813,-0.118523784,-0.13744947,-1.2034439,0.8304364,-1.9386091,0.6962414,-1.6481612,0.06520605,-0.7082799,-0.558381,-0.5097771,0.40234792
e,1.5208703,-1.5449113,0.5946018,-0.74533576,1.110763,-0.2826374,-0.52882534,2.2533867,-0.7916886,-0.50614476,-0.5635082,-0.48030078,0.6036112,0.014805931,-1.4219494,-1.319959,0.50087833,-1.1837944,-1.3505685,-0.45843786,0.5456224,0.742579,-0.23801138,0.44532993,0.26634988,-0.63265294,-0.5518808,0.63726085,-1.1019567,0.3991221,-0.43447596,0.5642548
