s,-0.41126576,1.1703242,-1.3510063,1.1259745,2.2986882,-0.8374985,1.7981178,-0.011990053,-1.1594169,0.25789005,0.46705222,0.14075081,-0.6884967,-1.6005113,0.29148906,1.3408657,0.3141964,0.07193925,1.2166954,0.5828998,-0.33078834,-1.3866643,-0.37017494,1.5953146,0.56305164,-2.673371,-0.70850635,-1.2431515,0.1752927,-0.35568812,-1.3174554,2.2729783
A,0.77159524,-0.972195,-1.9194932,0.49140552,0.88854593,-0.84203553,0.30904347,-1.0300405,0.6118771,-1.4274839,0.88633245,-1.1714605,1.3658179,-0.89354557,-1.3052922,-1.3385401,0.8754374,-1.132291,-0.19545606,-1.0337961,-0.58721757,0.55977416,-0.9926302,0.99773896,0.8678989,-2.1368024,0.014879911,0.052701566,0.8308673,-0.4632424,-0.10626141,-2.6241257
C,-0.82806724,-0.06759316,0.16124901,0.94659287,0.60736984,0.25805962,1.1443665,0.77039367,-0.15204151,-1.6465089,1.2580756,0.99868786,0.5617538,-1.134586,1.3949938,0.4544479,1.0881587,-0.97387075,0.97939485,2.5068834,-1.1377127,1.274504,-0.47469634,1.3726895,0.41026416,-1.5173705,-0.40188172,-1.73573,1.5135422,0.38480306,1.0109065,0.21905152
D,0.31238183,-0.4559675,1.102591,-0.16340788,0.81423295,0.10278765,0.5336886,2.1415737,0.28195187,0.8365185,0.4509842,0.81522506,-0.9546119,1.2060606,1.2804039,0.78672665,-0.22629113,-1.9447808,1.1911482,-0.13930602,-2.4330785,0.88743204,-0.573359,1.49787,0.42381474,-1.019585,-2.7165093,-0.21181494,0.99688554,0.70482546,-1.1635193,-1.1408538
E,1.4641271,-1.0067747,-0.48043853,-0.92668605,2.1624,-0.89986056,0.13861294,-0.88052225,0.15998945,0.14184263,0.42560968,0.98537934,-0.4317018,0.8690677,-0.26855153,0.79958904,-1.5959153,-1.871194,-0.29843333,0.6033888,0.10449519,1.4743562,1.3892354,0.42255437,0.15455703,-1.002322,-0.38714084,0.77261883,1.2332188,-0.785283,-0.206939,-0.18010229
F,0.9425001,-0.6182484,-1.5320817,-0.6947694,-0.069941096,0.094213106,0.9120888,-0.23070495,-0.9047227,0.6544047,1.6953149,-0.039945707,0.5273439,-1.8398546,0.2547231,0.50636536,1.0715196,-0.16131806,0.5279081,0.27148688,-0.045098007,-1.3279338,1.1267818,-0.18720296,-0.86707175,0.37777528,2.093447,-0.30567497,0.22261336,-0.14481832,0.32126284,1.2437826
G,-1.3022383,-0.23609874,-1.8370315,1.4113364,1.3734035,0.27629554,0.055782713,-0.28346735,0.5384952,1.3841661,1.0531057,0.9952704,-0.5193777,0.57356256,0.16560178,-0.019907735,1.6927118,0.4881174,-1.6984946,0.17579906,0.35608402,0.1908275,1.0384508,-0.0819263,-0.17402473,0.64011323,0.653758,-0.9008473,-0.18564904,0.7637165,-0.4822181,-0.8806626
H,0.39623344,-0.07885146,-0.16834669,0.44914365,-0.43023467,0.08012871,0.8030493,1.2086269,0.86123294,-0.27954212,0.2482652,-1.2042933,-0.6181349,0.96791315,-0.8078679,-0.66246015,-0.063722536,-1.3982857,0.11828928,-0.10427821,-0.4275056,0.52179885,-1.5805827,-0.15357594,-1.7766277,0.8876038,0.8807776,0.66754323,-0.6123482,-0.6537,-0.111038156,0.29685238
I,-0.14925265,-0.5020255,0.633596,-0.30667582,1.2807976,-2.6920478,-0.5367692,-0.46063918,0.9170902,0.25192356,-1.337999,0.6743117,0.2610868,0.45285884,0.84068424,0.23297928,0.90155894,-0.40465605,0.50038254,0.80249476,-1.4547443,1.4066988,-0.27268884,0.97959375,-0.45739233,-0.41506022,-0.36690658,0.15407221,-0.7264455,-1.7128716,-0.3094035,-0.7315911
K,0.92619467,0.54799604,-0.29786065,0.7234343,-0.010742204,0.4160164,0.4199871,1.9915456,1.0002313,0.40931922,1.6931481,-0.31411716,-0.3355069,-0.8615726,1.3834827,-1.5200939,0.719596,-0.49975166,0.20797016,1.7579838,-0.16567491,-0.5066973,-0.014523788,1.4846413,-0.25798646,0.28022945,0.42078015,-0.9277648,-0.6516939,-2.758172,-1.0528699,-0.46799865
L,0.13013363,0.7788476,-0.5522448,0.20721225,0.65738803,-2.080725,0.74698967,-0.26031283,-0.44350561,0.5339711,-1.0427474,0.49059314,0.122842714,-0.8740369,-2.1492004,-0.11688564,-0.9620711,-0.53826195,0.19448632,-1.2282808,0.13493307,-2.3077195,0.6411655,0.16104622,-2.4586575,1.1143637,1.6866446,0.20374386,0.70600116,-0.7393337,0.76124555,-1.2543366
M,-0.8645641,0.70117104,0.024743488,1.1161417,-0.29134756,-1.0313331,-0.19463453,0.11893257,1.9275775,1.5114655,-0.14121036,-1.3856483,-0.2612731,0.56605405,0.9517223,1.3660549,1.1160525,-0.43213868,-1.1244186,-0.37017947,2.2945588,0.959233,-0.82117945,-0.9105486,0.17345028,-0.5434248,1.4627538,-1.2373213,0.72665954,0.41019934,-1.0346466,-2.0026278
N,-0.034913488,0.13594012,-0.6357946,-1.1259083,-0.7242886,0.3476747,-1.1805478,0.42540282,0.32560042,-0.620401,-1.6647117,0.16599041,1.3342619,-0.8251568,-1.6178159,0.9459204,-3.0377128,-0.38197502,-1.8066597,-0.2592596,-1.5569454,1.185441,0.22862771,-0.30259186,-2.0991354,-0.78194547,-0.7020564,-0.83038336,-0.09170116,-2.5216246,-1.6301155,0.401491
P,-0.34240043,0.3438045,0.16030777,0.6543694,-0.5007189,0.6873821,2.168857,-1.3658426,0.8473231,-0.48757157,0.1308992,-1.3716978,0.4386211,0.7874482,-0.14853849,1.6826171,0.7251308,-0.11974095,-0.89767325,-0.34830776,0.23373176,0.8146974,-0.5214136,0.4067736,-1.0646108,0.4490789,-0.9753209,-1.1623125,1.0319768,-2.0617144,-0.5501814,0.22200593
Q,0.850892,1.6104892,-2.4543755,0.8354088,-0.6081134,-2.0476887,-0.23367663,1.634877,0.35920298,-0.5238375,0.5550326,0.70204294,-0.23635378,0.18989912,0.9115511,-1.9079012,2.2559822,0.6651632,0.2217482,0.42051303,1.0417945,1.1650351,0.7873157,-1.299907,-0.024808867,0.75974137,-0.044804983,0.6025404,-0.81332713,0.5520918,-1.1382653,-1.1990631
R,-0.90442157,-0.44575596,0.8392044,0.0007008269,0.7027943,-0.75817,0.5490069,-0.513916,0.81311154,-0.39795414,1.4280668,-0.18268853,-1.4046364,1.2230732,-1.2506602,-0.70169353,0.42805734,-0.020995867,0.38146025,2.0521703,1.4618422,0.04939794,0.2590911,-1.4152656,-2.2183964,-0.52963924,-0.30078575,-0.7832516,-0.21542531,-0.4697505,0.7009182,-1.6701386
S,-0.092813015,-0.19152994,0.9960402,0.48231176,-0.9751095,-1.1477369,0.6165678,0.19522338,-1.0859358,0.142076,-0.23972431,1.9350547,2.1182091,-0.5513752,1.1161777,0.53398895,-1.3379788,-0.7325753,0.99194014,1.0537221,-1.1720178,-0.8676798,-0.29835373,1.0568801,0.030472543,-0.3060539,0.32142368,0.16152486,1.9156774,1.221929,-0.12952769,0.111965224
T,1.4587324,0.74016297,1.6927401,-1.3842297,0.65911263,0.83138144,0.88873386,0.37659308,-1.8732499,0.24955794,-1.0114071,-1.4531159,-1.3847395,0.23167205,1.4109031,2.1038797,-0.22944456,0.4704146,0.33484915,0.15610857,0.55745363,2.0542667,0.42281747,-1.3855963,-0.82126653,-0.93121094,-0.2987258,-0.5273163,-1.6454544,-1.4499531,-1.7388216,1.8257736
V,0.5894691,3.3405416,0.33417392,-1.4734278,-0.95917916,0.39987177,-1.1736256,1.8748201,-0.079450406,-1.3971301,-0.30112758,-0.5019904,-1.3184482,-1.3082205,-0.8758245,-0.9548705,-1.519257,-0.2845393,-0.036250636,0.6890562,-0.36920238,-2.6992059,-0.5865436,-0.48275572,-1.9961603,-0.17078553,-0.8022114,-1.3052555,-0.35422388,0.111551255,-0.21407272,0.6072309
W,1.2049605,-0.4049201,0.046125617,2.1899962,2.154846,-0.88635296,0.3638438,0.16273701,0.40061527,-0.33593673,-1.2682098,-0.9925431,0.042092618,-0.10877737,0.085962765,0.92389834,-0.5423156,-0.86687225,-0.3803707,-0.14764935,-1.1063195,0.47050232,0.050401352,1.392733,-0.4729918,2.5359426,0.7147266,1.3898609,2.7080057,-0.7413036,-0.78664386,0.6549684
Y,1.5746096,0.46260148,-1.0220925,-0.56139857,-1.5227709,-0.066376455,0.6856021,-0.81272763,-0.7256365,-0.0018826734,-1.3738713,-2.022153,-0.08827348,0.6457487,0.46523377,1.8137692,-0.056131884,-0.11018444,0.35315272,0.7911276,0.16240098,-2.3339717,0.54667145,-0.15359764,2.2016337,-0.7299133,-1.0987571,0.75319904,-0.017146526,-1.3603488,1.2865431,0.18403608
e,1.0935516,-0.076820806,0.29553372,-0.40141615,-0.022134455,-1.1779507,-0.4226246,-0.98781955,0.11271286,-1.2239473,-0.5698287,1.5828292,-0.3006995,-1.0823873,-0.5912253,0.33972162,0.23050523,0.26666576,-0.55400777,1.0475668,-0.06067488,-0.2775688,0.96702665,-1.8412625,-1.5384824,-0.36426377,0.8675944,0.39855954,-2.077435,0.64445347,1.0500869,-0.8868893
