s,-0.8671978,-0.9574987,0.4776451,1.9562758,1.3870375,0.45066503,0.7918652,-1.192105,-0.9357487,1.9741672,-0.5946668,0.81065446,-0.5299572,-0.280415,-0.967542,-0.9513679,0.5854911,1.2754618,-1.4617786,-0.7413365,0.70837307,-0.07418227,1.011603,-0.23422278,-1.519162,0.9447632,0.2913005,-0.4734672,-0.76459247,-1.4285287,0.6521515,0.7613763
A,-0.16326484,1.3033984,-0.76963776,0.5250597,0.7273057,-2.0989654,0.865001,1.1366801,-0.15876117,0.45351332,-0.10724059,-0.98830324,1.1361209,1.7798768,-1.6036345,-0.064914,-0.28875688,-0.3320804,1.3179157,0.528723,0.6580542,0.0274431,0.40571555,0.21125138,-0.03712478,-0.36888424,-0.10227498,-0.78043526,0.25245535,-1.3389223,-1.0667789,-0.88914585
C,0.3252725,0.870405,0.2743656,1.2635272,-0.39812925,-1.4818931,-1.7333523,0.069898754,0.096763365,-1.0366929,1.3328515,0.9498373,0.015797125,0.5920911,1.6391578,1.1696427,0.61068404,-0.13902655,-0.99174434,-1.1261369,-0.8097671,0.9162163,-0.53737223,-2.2485056,2.6837208,-1.2692384,1.2539481,0.6048351,-1.227925,-1.4328609,0.84457725,0.6971236
D,0.002520273,0.89526063,-0.8008087,-0.33651718,1.5403339,-0.12009207,-0.11764439,-0.44591495,-0.7832922,-1.0995938,-1.4152081,-0.4849676,-0.6162143,0.43823296,-1.11407,1.04995,1.2725512,-0.45249087,-0.91890764,0.4729165,-0.23669721,0.38687614,-1.354912,0.54506695,-1.1755793,1.4367564,-1.0292584,0.63978523,-0.8810303,-1.1387641,-0.9887891,-0.24620073
E,-0.46303692,-1.1480119,0.44483262,-0.32603928,-1.2886722,0.17550112,1.1681323,-0.09725198,0.18988553,-0.18670528,1.05146,-1.7764972,-0.6062334,2.0543396,-0.18148907,-1.0353605,-0.007278863,-0.323262,-1.3912188,-0.07559331,0.74094975,0.22216323,1.1091609,0.17515095,0.53565526,0.7243588,-0.1591616,0.018593125,-0.974007,-0.061631985,-0.86643916,0.16443573
F,1.0566823,-1.3921877,0.25749722,-1.6301229,0.2697737,-0.070889585,0.44869244,-0.40912226,-0.68967676,0.18586744,-0.1476906,1.3781818,-1.4694167,-1.2368509,-0.6812118,0.8220512,0.036280334,1.0454195,0.2195678,0.3687253,-0.54883575,0.9899199,1.9251199,-0.96721315,0.1931162,1.2910305,-0.16883306,-0.83179885,0.8543722,1.0182325,0.42948064,-1.4518069
G,-0.15712674,0.11334569,-0.29794526,1.297111,-1.2762097,-0.929804,1.0206277,-0.94176817,0.15553254,-0.07532865,-1.2103821,-1.2581971,0.1416002,-2.025951,1.8682405,0.34327888,-0.49238515,-0.1699863,-1.4688395,1.190326,-0.61064637,0.37463555,0.5767941,0.784251,0.28367025,0.06398988,-1.9353681,0.73215544,0.86115474,0.52832174,-2.2266583,-1.1974963
H,-0.24228717,0.65570295,0.52150565,0.8818933,-0.45263097,0.327385,-0.3503142,0.69178724,-0.7864721,-0.5243842,-0.5133929,-1.0188214,0.6623664,0.9825413,-0.9207604,0.35271865,-0.62758225,-0.6385318,-0.7743825,1.6439959,-1.5975015,0.04382251,0.28033963,-0.6513666,-0.6066366,0.38389707,1.4060732,0.66538215,0.3602194,-2.178662,-0.9900027,-0.27586138
I,1.9458219,-0.10975255,-0.8440401,-2.191572,0.015172372,0.7571818,-0.07159397,1.2009127,-1.1848444,0.5839593,-1.0705537,1.2156603,-2.0531058,-0.3681103,2.2661247,-0.68979955,2.115904,0.2818737,-0.062969685,-0.48816592,0.9650285,0.13647808,0.3928402,1.048522,0.008288468,-0.55890936,-0.5374531,-0.22218783,-0.7629907,-0.15345758,-1.0213113,0.18432933
K,1.8856897,-1.1739329,1.4340985,-0.72434205,1.1389169,0.2596957,1.741039,0.8097332,-0.3518095,0.47523302,-0.4040434,0.4826152,-0.27987164,-1.2900096,0.9574881,1.3958372,-0.054962285,-1.3280324,0.39493367,1.475799,0.6329289,0.8969856,0.2637365,0.63189656,-0.12720738,1.5999705,-0.50214034,-0.07885344,0.282947,-0.5827704,0.49355355,-1.4330738
L,-0.10232893,1.659572,0.9456532,0.9345283,0.8069549,-0.5129945,-1.0916493,0.44142598,-1.1168001,-0.78514326,-0.83810085,-2.7716007,-0.6644934,-0.029184312,1.2503974,0.18752947,-1.0929531,0.76351637,-1.4784154,1.089593,-1.6654027,-0.64837945,0.04482648,-0.07861019,0.33328483,-1.5146694,-1.3086929,-0.46437657,-1.5967084,1.1657169,-1.2522483,0.02127193
M,-0.6848669,0.17724374,0.87266046,0.6416029,-0.72801405,-0.9561082,-1.8700391,0.74673903,0.15606269,-0.41126814,2.5918872,-0.004772202,-0.06667235,1.8472667,1.2210574,-0.05951769,0.6473286,0.76084954,2.2010732,-1.9366885,-1.0214636,0.39277685,-1.5326809,-0.49488494,0.6805186,1.5093216,0.6264544,-0.7337359,0.0541862,-0.9517523,0.5186364,-0.7803781
N,-0.5053158,-0.581839,-0.40658304,-0.27276754,-0.9421507,-0.25793424,0.80889714,-0.1680159,-1.1684753,-0.831371,-0.9266994,1.3068256,1.5203873,-0.35886234,1.7422794,1.134965,0.067428395,0.07569827,-0.8247414,0.47893757,-0.78388286,0.65456164,1.844644,0.23640536,0.8671773,-0.65023327,-0.05218697,0.18328437,-0.0722814,1.4315854,0.88601214,-0.3818469
P,-0.16422687,0.65718895,1.4440362,0.043097086,0.78752923,-1.9645616,0.2620794,-1.662221,-0.67396307,-0.016064564,-0.066810705,0.5670165,1.4076527,0.7676695,0.5507509,1.5296407,1.5641791,0.7988789,0.30289704,1.6401788,-1.551277,-0.55912733,1.0861627,0.12187175,-0.32464114,0.8717598,0.500532,-0.7904908,-0.12012783,-0.8694276,-0.43114904,-0.26201236
Q,-0.51248866,-0.0008300665,-2.0214045,-0.76150256,-0.08407549,-0.15442772,0.8042688,0.84991133,-0.99508184,-0.33758003,-0.32798716,-2.2348692,-0.8105432,-2.1759145,0.58917797,0.39470363,-0.10633215,0.6166374,-0.11038112,0.38912702,-0.29720795,-0.9533442,0.54981285,-1.1967055,-1.2175875,0.3721808,1.2465117,-1.2710669,-0.82843065,-0.5220175,-0.21241009,-2.8260896
R,1.1257325,1.1973736,0.5598702,0.07646648,0.1138925,1.3665819,0.66726,0.9877783,-0.1529525,1.534355,-0.9110562,-0.9748504,-1.1242259,0.5372277,1.3788424,1.7494215,-0.14259256,0.8231856,0.28057528,-0.03888238,-0.73236996,-0.46786478,0.71648496,0.81864196,-0.99749506,-0.9035739,1.0641534,-1.1885036,0.1930275,-1.7921749,-1.4554472,-0.13822731
S,-0.3115391,-0.032592718,-0.36221913,-1.0275276,-0.42624435,-0.7246166,-0.32198235,-1.6090852,-1.7191089,0.8405689,2.0969515,1.0550656,0.13369878,-1.3759172,-2.0277007,0.25943017,-1.7883996,0.19447166,0.07306683,-1.3052304,0.13103235,-1.3421229,-1.8272376,-0.52374536,-0.77997816,0.017813249,-0.3572022,-0.963634,0.5128728,1.0290397,1.794522,-1.0495334
T,0.021428455,0.5384923,-0.7768865,-1.0264257,0.54917437,1.6483216,1.653947,0.65069914,1.0112,0.4291426,-0.2571473,0.009869311,-0.4431281,-1.1528418,1.0446373,0.9263266,-1.0540131,1.6225075,-0.048694916,1.5347067,0.21078576,-0.32801655,1.8226035,-0.2727719,-0.0992141,0.27992716,-0.07313118,0.30811086,1.168971,1.7233478,0.10886839,0.3646632
V,0.11150013,1.1839077,1.0588677,-0.12577073,0.17878628,0.13052164,-1.0828706,-0.821286,1.1120992,-0.23285273,-0.631986,1.5562738,-0.56653166,1.035834,0.59327865,0.46617913,1.2503381,1.8118126,0.12795615,-0.45366943,-0.53848374,0.7417799,-1.5259335,0.45629933,-0.15353021,-0.7836994,-1.0678893,-2.084408,0.3089037,1.2395661,0.9205799,-1.9536207
W,-0.86490345,1.9653887,0.19884655,-0.4331899,0.92539203,0.398274,1.087636,1.9475882,-1.3641553,-0.17809664,0.16516408,0.3921434,1.6194936,1.0649611,1.1722947,0.04296072,-0.048327025,-0.98065144,0.48644572,0.14829329,0.6319287,0.21442978,0.6229727,0.639384,-0.16275933,-1.1397974,-1.0248351,-1.4489866,0.13186033,0.9426,-0.61134696,-0.189356
Y,0.082687296,-2.2446587,0.9286802,0.65084535,-0.5455168,1.7193525,0.028233798,-0.84732646,1.3303237,-0.21209554,2.8797908,-1.4887574,-0.28940445,-0.09988789,0.5435839,-0.18450147,0.19256888,-1.0707573,0.33492294,-1.7421024,0.18063259,-1.2163867,-1.5409424,0.39628676,-0.05231339,0.48641965,1.774918,0.38038877,-0.51382434,0.91519797,-0.3343599,-0.7374152
e,-0.3852241,0.58581686,-2.497925,-1.5594888,-0.95267737,0.12446426,0.6955498,0.79607785,-1.0357585,-0.50029194,1.0510957,-1.6198851,0.2902895,0.0007455449,0.41440323,-2.2184527,-1.0109905,-0.3512281,1.3214991,-2.1344793,-0.15427625,-0.33070743,0.46473387,1.3169395,-0.5690972,-0.7509193,0.82125735,-0.7035865,-0.32423237,-0.035080194,-0.8037719,1.8806266
