s,1.346707,0.36650285,0.4223597,0.20151246,-0.59456813,1.0511389,-1.0798002,-1.5236754,1.504498,-1.0015432,0.3374652,-1.3524522,1.4595559,-1.4610379,-0.14390753,-1.0057806,-0.26515743,0.8945819,0.3018887,0.82000905,-0.526993,0.66023684,0.5590099,-1.7202957,0.28513962,0.95072,-0.13646021,-0.67144394,0.28008744,-0.10224474,0.6603079,-0.56070375
A,0.5047252,-0.56479174,-0.38172486,-0.4237271,0.24949256,0.81025827,0.9683491,0.6626741,1.1844866,0.98979527,-0.8669781,-0.49061465,1.1250309,0.48388374,-0.44855398,0.74786687,-0.8605558,-1.7346457,0.6810907,1.0958976,-1.0681003,1.5739963,0.046092626,-1.4538457,-0.034831196,0.35676533,-0.7460453,-1.2067326,-0.5313913,0.93374866,-0.7786709,1.6835104
C,0.41537133,1.6027126,1.8150426,-0.00027505087,1.5979755,1.2457646,-0.57764626,0.31216604,1.0966613,1.2929913,0.3857338,-0.5857389,-0.3904244,2.0540595,0.7455921,1.3174367,1.2988096,0.5984883,-0.9589521,-1.1806036,-0.32373583,0.24095169,-0.58700734,0.3146494,1.020186,-2.2137349,-0.24543604,-1.5544431,-0.8124601,-1.1429673,-1.1762844,0.062132865
D,0.6607756,-0.12714912,0.23163699,0.15494199,-1.2717279,1.1692575,-0.12578085,0.57135504,0.472369,-0.6358321,-0.81544644,1.1885642,-0.53270537,-2.167598,0.6342877,0.54914767,-0.63063943,-0.57102984,-0.19700494,-1.1984569,-0.33140665,0.8291986,-0.2858744,-0.2866777,-0.14859638,-0.09114258,-0.7229545,-0.30639812,0.94380367,0.7350467,-0.28327757,0.117243946
E,0.46515125,1.1261641,1.7240391,-0.40235826,0.2292355,0.7725694,-0.60199076,-1.2877668,0.17716238,-0.41750538,0.3453721,-0.3493605,0.15787773,-1.540558,1.0903137,-0.104484044,1.1637012,0.45473522,1.3144399,0.27985734,-0.32999805,-1.0342282,-1.4984916,-2.5801926,-2.0075698,2.2173898,0.26080233,1.7074416,0.6935263,-1.7691482,0.04331683,0.016987136
F,0.45919886,-1.1608919,1.0558666,0.7042661,-0.42902902,1.5876126,-0.08638892,-0.54544747,-0.68619376,1.2791817,-0.8550777,-0.34754413,-0.359798,-0.35210595,1.8740022,0.2649856,-0.17438632,-2.10416,1.5266564,0.65153074,1.3233033,1.1447599,-0.26062196,1.9273856,0.79321086,-1.0184352,-0.6721283,1.5816232,-0.5148964,0.36088023,-0.9938755,-0.3571679
G,-0.9233152,1.1321276,1.4688945,0.7090034,-0.32684717,-0.23928098,0.29555815,1.3804499,0.71747166,0.8633648,0.2541459,0.8612676,1.3928363,-1.779658,-1.7945036,-0.5493164,1.4829676,1.19901,-0.18389942,-0.35072696,-1.5081259,1.0394897,0.72717226,0.856983,0.047161855,-0.05994349,-0.8595657,0.96388674,0.16180025,0.32210022,1.3829987,0.041432228
H,-0.61396027,-0.049789682,1.410369,0.27970076,0.52130336,0.4966518,1.6343869,0.2436264,0.8891648,0.0032444256,1.5203071,1.0509161,1.5886395,-0.30854824,0.27051485,1.1979865,-1.495795,-0.70823306,1.7582306,0.31744054,1.2366596,-1.5391625,-1.8749838,-0.83124644,-0.58171797,-0.4442917,0.025971996,1.4702318,1.0523012,-0.08795559,-0.008973392,1.2891968
I,-0.06464218,-0.9525908,-0.36405003,-2.5107565,0.24832793,-0.47349477,-0.65391344,-0.98467034,0.7925853,1.2545172,-0.7238849,0.071674526,-1.7342067,0.6705384,-0.030866442,-0.39830938,0.7417135,-0.1817209,-1.2008009,0.12977055,0.027386071,-1.9988515,-0.9452601,0.9040296,0.92652154,1.3698572,2.0983868,-0.5379431,-0.08073376,0.9450255,-0.796805,-0.04585529
K,0.011574477,-0.00721933,-0.6433071,0.13765416,-0.5276117,-0.9750106,0.19664341,0.69674855,-0.4903695,-0.13100947,-1.5143167,-0.14607207,0.76645243,-0.29109213,-1.1421856,-0.06629511,1.5964664,0.7250693,-0.33290657,-1.3077464,0.81057745,0.18747406,-1.7869155,1.1699955,0.6037653,-0.34144437,1.0322924,-1.3577957,-0.17701541,0.922932,0.04178913,-0.40954846
L,-0.954384,1.3506013,-0.07451793,-0.79267323,1.331257,-0.37388095,1.0462403,-0.28248167,1.7109066,-0.12962934,0.05467772,-0.6560993,-1.0179398,-1.5707569,-0.33024257,1.5348153,-2.895797,-0.5125263,-0.724858,-1.4055078,0.46586716,2.5160978,-0.06312,0.09322963,1.2777267,0.6036165,1.4268812,0.23850812,1.5239005,-0.0040449854,-1.6888267,0.33560368
M,-0.53302205,-0.69042313,1.1397755,-0.593473,-1.1026088,1.1365609,-1.7764604,-1.1244056,-1.494384,-0.48299885,-0.30791426,0.7287241,-1.5904047,0.30203485,0.8637519,-1.4107618,0.7024488,0.5080233,-0.13824102,0.49758402,1.6526033,-1.7005144,-0.72686255,-0.4665815,-0.49275875,-0.8841501,-2.4417377,0.25776267,0.44249347,-1.269346,1.3864019,-0.026639236
N,0.607518,1.1037403,-1.0300386,-0.35121298,-0.79374826,0.32985604,1.1990366,-0.25129852,-0.52063626,0.062194664,-1.2249807,-1.5051097,0.6545083,-1.0593504,-0.24964148,-0.007877992,-0.43269747,-1.1502941,0.9074149,-0.036025234,0.44066453,-0.7054104,0.17432679,-0.27127773,-0.029521365,-1.9412576,-2.223702,1.1289206,0.31030747,-0.054394986,1.0587192,0.01791906
P,0.17517138,0.06866637,1.5491997,-0.22514622,0.03877247,-1.8060302,-0.2943258,-0.14381032,0.17933574,0.80270785,0.7286546,-0.9972647,-0.25220248,0.08951795,-0.07626235,0.55376816,-1.0786623,-0.46507058,-0.611161,0.7858253,-0.5906962,0.18806419,-1.0618334,-0.39005944,-0.9288197,1.2046623,-0.48597553,-0.2274458,0.26407972,0.52450013,-0.85376483,1.0453992
Q,0.5612257,0.43035617,0.12595867,0.42902163,1.2367445,-0.32986546,-1.634541,0.6332548,-0.18159123,-0.26353863,1.0606517,-0.27173638,-1.9068577,2.3818462,-0.16024391,0.30232272,-0.63813984,-1.598218,-0.38757,-0.32019588,0.97858834,-0.6300942,-1.8305316,0.98115563,-0.56129164,-0.22592394,-1.6238894,2.1868372,0.74237305,-0.507306,0.48984903,0.6959472
R,-0.43244565,-0.5014614,0.4502744,-0.80714756,-0.78245544,-0.27891347,-0.5633672,-0.03816158,0.78626186,-0.04013077,-0.31968018,-0.76801324,-0.13999242,-0.0127069615,1.3207805,1.0784864,-1.809551,-0.6389709,0.5219551,0.44500947,-1.7949525,1.3739192,-0.8651967,0.6880402,-0.6036494,0.36757588,0.98192024,0.7644301,1.215665,0.37380105,0.25564855,-1.0332828
S,-0.4871051,0.28857207,-0.71090454,0.08488265,-0.92877847,-0.5311666,0.24637677,-1.5518745,0.8631317,0.19532622,-0.27983528,0.074619755,-0.09062805,0.42181265,-0.13378331,0.8979151,1.1003492,0.64625806,-1.4916316,-0.5667691,1.068358,-2.3805864,-1.104138,0.86278313,0.33391494,-0.9024643,0.30012685,-0.3316565,0.15461786,-0.76960146,1.2043995,-0.68283117
T,-0.946614,1.7434236,0.4190055,-1.2956486,-0.3229071,-0.2631548,-0.45987248,0.32485822,0.36853874,0.7497876,0.46521378,0.3757932,1.7418977,-0.76026624,-0.80160856,-2.9423819,0.7319863,-0.17459626,-0.11715179,0.015880704,-0.8534159,-1.6090417,1.522337,1.1598943,-0.42425507,1.937126,-0.019200316,0.17065233,1.2733809,-1.5629333,1.3745853,1.0284396
V,0.5157907,1.0473729,-0.2476363,0.10600684,-0.38712412,0.3238274,-1.1176431,2.2437923,0.6557012,-1.0439581,0.6729842,-0.7443864,0.3621192,-0.035544164,-1.139333,-0.5591906,1.7671243,1.246636,0.7142033,-0.06057059,2.034208,-0.3792873,1.1019976,-0.5313547,1.0453327,2.0992706,-0.3427061,0.28989258,-0.09924719,-1.8217334,-0.2817816,0.6935964
W,2.3537648,-1.6344566,1.066613,-0.113562785,-0.10267672,1.0088156,-2.547755,-0.20526849,-1.048208,0.70977265,0.23123303,0.3019759,0.3672962,0.43133956,-0.66004574,0.81282,-0.39764607,-0.40357086,-0.37341464,-1.9824193,-0.9816491,-0.34375337,1.6464053,0.77590954,-0.34634107,-1.9620452,-0.47304064,1.3440415,-0.31249374,-1.2939723,1.6885979,-0.21767882
Y,-0.9014239,-0.840033,1.7915602,-0.02337201,-0.35678178,1.2236087,1.6101296,0.4910172,1.392459,-0.7285479,0.18405166,0.62814385,0.13551122,0.26456967,0.23715986,-1.2242297,-0.6215696,0.32353535,-0.019519364,-0.30290347,0.287151,0.7116262,-1.0398288,1.2072284,1.155335,1.072259,0.060668334,1.118549,1.1892475,0.53654927,1.7700082,0.30241743
e,0.38057286,0.6650492,-0.331123,0.6519641,2.325511,0.5657559,-0.61239547,-0.623674,0.6251262,0.20809239,-0.101443164,-0.9986548,0.20597352,2.6899164,-0.38547486,-1.3661785,-0.42958832,-2.051304,-0.37563574,0.20558175,-2.6092362,-3.1764824,-0.028072793,0.44384533,-0.2527873,-0.5449617,-0.61639535,-0.9799941,0.9438975,-0.1037194,-0.31066602,0.13718325
