s,-0.678579,0.81431115,0.46847263,1.5590235,-1.7594997,1.0815254,-0.09518372,0.9240844,-0.8596305,-0.45767578,-0.5175738,1.1461626,1.5691181,-1.0583966,-0.5819494,0.012081349,1.090129,1.2539132,-0.559316,0.6223044,2.682933,0.22011912,-0.8924895,-0.18700238,0.20912243,1.5459281,-0.4501622,0.030537462,1.1266975,-0.9609853,0.8586371,-0.23715855
A,0.09536787,-1.1567742,-1.5059564,-1.7463475,0.07599938,-0.2859356,-0.090434395,-0.6855938,0.4463585,-1.8465595,0.15804917,-1.2314368,-0.007116322,-0.42551553,1.2556285,0.96728265,-0.2864245,0.5048758,0.6451773,1.2972529,-0.21362533,-0.92909265,0.12674029,-0.05253177,1.1106964,0.82259136,0.045190353,0.42194018,-0.9926916,1.9923224,-0.44963202,0.6243575
C,-0.05405998,1.1496665,-0.20936373,-0.085620955,1.125374,-0.64208364,0.48899874,-0.07443064,-0.40628874,1.2641525,-1.1392512,-0.3943746,-0.7994608,0.14146757,-1.2327585,-0.17929061,1.0950582,-0.23445192,3.0564675e-05,-0.42116308,-1.3231869,-2.3830955,-0.42764103,2.0168414,0.074592575,-0.62783724,-0.19604526,1.5957197,-1.5686496,-0.72469175,1.0455734,0.9799205
D,0.7815872,1.0033379,0.25999036,1.0991551,0.66846323,0.86114395,-1.3864348,0.8282411,0.123195164,0.017459642,0.05102337,-0.83250487,-0.9836887,-1.2723217,0.4518384,-1.3599263,2.1806526,-0.47424483,-1.7696166,-1.8046045,0.11666433,0.9992448,-1.6020436,-1.5857155,-0.08264676,0.2501051,-0.9417211,1.1022456,-0.120497,-1.7914006,0.65769035,0.6918846
E,-1.0970157,1.969662,-0.5045998,-0.50633466,1.6525437,2.2522986,0.1343107,0.26884633,0.45323777,-0.30882636,-0.30394438,0.7125301,-0.9120625,-0.26078483,0.697048,0.807948,-0.051682647,0.611861,-0.12033583,1.0157485,-0.33676463,-1.3943906,-0.27987957,-0.022018254,1.587852,0.34101143,0.1170672,-0.4584281,-0.16827993,-0.1923196,0.72142196,-0.3410525
F,-0.29295763,-0.3374622,1.7449925,-1.1241544,-0.6624781,0.018972225,0.2639579,0.41348025,-0.9559543,2.6643102,-0.5363345,0.78603244,0.059432883,-0.24345313,-1.6471469,0.6362909,1.5321385,-0.23883717,0.8538165,-0.34425333,0.37555876,-1.6383951,0.31501198,0.2646865,-0.9479676,-2.6234903,-0.36861628,-0.26894775,-1.5247738,1.217944,-0.72928363,0.41268447
G,-0.8529247,-0.56803066,-1.1162515,2.3619103,1.680292,1.8652053,0.67412776,1.0126226,0.36128047,-0.648088,-1.7648603,-0.1493144,0.4591172,-1.5900735,0.16950186,-0.28554186,-0.533008,-0.10285958,1.5229775,0.742457,2.3746374,0.4558244,1.7484136,0.14288391,0.7340554,-0.6956236,0.39382192,-1.3724568,0.1610683,-1.1847454,0.9050967,-1.2610464
H,-1.58618,0.30265203,0.20112857,-0.19145977,1.4658273,-0.7610388,-0.8928317,1.0727998,-0.09076717,-0.20980577,-0.11694552,1.3468201,-0.22452267,-1.2333238,-1.052575,0.4570943,0.4116458,0.2531035,-1.9037699,-0.7361997,1.5436425,1.0028925,-0.44435698,1.0018053,0.6712678,-0.2333176,0.12280102,0.6109892,-1.4749743,0.6378554,0.6322186,-0.8367847
I,-1.71437,-0.165946,-1.3575271,0.5649335,0.6638803,0.22973856,-0.81704545,-0.3220618,-0.37530833,0.08305878,0.71941346,1.455737,-0.40749997,2.0692897,-0.53810483,1.8399036,0.35159412,0.9412742,-0.038628392,-0.6700593,0.34102815,0.5641845,-1.3330504,0.026679417,-1.2255876,-0.9992601,-0.54787916,1.1413933,0.32775217,-0.055066757,0.7421785,0.8109853
K,1.9660411,-1.1944208,-0.9876996,-2.3740785,0.19835043,-0.117782846,-0.37546366,-0.5058257,0.0010451215,-0.5818477,2.4821665,0.15339658,-1.8013692,-1.3832091,-0.8116345,0.9709775,-0.55019706,-1.2613488,-1.1175578,0.45773715,-0.457298,1.1708206,-1.1097065,1.4700943,-0.33680433,0.62776417,-0.27693558,1.2152714,0.13665861,-0.50969195,0.7614439,-0.3757237
L,1.3022108,1.3403472,-0.38710478,-1.5257447,2.1419075,-1.6211467,0.022888988,0.42919305,0.36238638,1.2556614,1.7486486,-0.13689081,-0.8236653,1.5161419,-0.39180204,-1.0184144,-2.5213885,-0.07885801,-1.0378422,-0.72252715,2.9985337,-0.38185048,-1.8443471,1.6393838,-0.5648404,0.16756722,1.1158991,0.58899343,2.0818694,0.6904689,-0.19712907,-0.39221087
M,0.73898476,0.14616004,0.7201973,-1.3079832,0.41051176,1.3521413,-0.23677261,-0.65206814,-0.9099694,-0.5788854,-0.8031402,-0.8005002,-0.0574603,-0.08765694,-0.97625816,-0.17840235,-0.26186794,0.6136545,-1.4982729,-0.99730384,1.4523958,-0.0012698906,0.7657443,0.5488523,0.87936544,0.8642335,0.81032133,-0.7617391,2.424594,-0.06024302,-2.4359646,-1.1244142
N,-0.5686592,-2.0693944,0.85707307,-0.7208861,0.2856039,-0.74251914,-0.011174951,1.6869755,0.2932084,-0.8493917,-1.2542324,-0.085613966,0.4528359,0.8103492,-2.1758988,0.75224906,-0.16093221,0.075463615,-1.759186,0.08836254,-0.6563335,1.2725835,0.26860583,-1.8473159,1.6265011,0.49791282,1.0152895,-0.9927473,1.2537723,-1.9164294,-0.48527798,0.465189
P,0.21867451,-0.1953673,-2.615696,0.43854687,1.4823288,-0.42670816,1.9529048,1.9972908,-0.09622952,0.53058064,-0.11093197,-0.3208042,-2.3238611,0.6406346,-0.18734933,2.6968484,-0.5467085,0.34578836,-0.6706465,0.7394424,-0.7049498,-2.4155746,-1.549912,0.98704475,-0.21563083,-0.34402192,-1.1595749,-0.3517131,-0.32690114,-2.388239,-2.0508516,-0.57002276
Q,-0.80450356,0.33926177,0.081589274,0.06685839,0.8476719,0.18115099,-1.0829856,0.5384459,-0.8376568,1.5584384,1.7668084,-1.1748583,1.1234463,-0.4701659,1.2049308,0.033732157,-1.6375208,-0.29574445,-1.272173,0.7831645,-0.78840303,-0.96138126,-0.5810317,1.0271896,-0.061498407,0.3985148,-1.0947008,-0.19031188,-0.7150594,1.6505398,-0.4450587,0.018442249
R,-0.4498815,0.6756323,1.0810704,0.5046813,-1.6103792,2.1261246,0.42307222,-2.484684,-0.38633603,-0.1469555,-1.5414362,-0.13988693,1.7305287,-0.108984955,-0.025198635,-0.5984151,1.4763521,1.3694551,1.7527647,2.211615,0.93745023,0.27429616,-1.6771455,0.21029313,-0.41156492,1.6603148,-0.7817238,-0.21653447,0.49971086,-0.89646417,-0.40930337,-0.26632476
S,0.2920728,-0.06888459,0.73650056,1.9665952,0.45868424,-1.1060969,0.90606916,-0.34527305,0.57398474,0.32741216,-0.4957238,-0.89366966,-0.24795182,2.6967402,-0.44463304,-1.6576314,2.478969,-1.7108852,0.26288283,-0.47729594,-1.3215089,-0.49642017,-0.71842766,-0.62930584,0.21140653,0.75986034,-0.838646,-0.92865646,2.2109356,-0.04491102,-0.75778204,-0.48033434
T,-0.88224787,-0.2746906,-0.32222742,0.4469687,-2.3926687,0.1944686,-0.100327775,-0.3175417,-1.1368232,0.87594885,-1.5866786,1.2330085,-1.1786772,-0.8115739,1.6219608,-0.7058493,0.8801322,1.0755632,-0.4102935,-1.1300644,-2.550722,-1.1380678,0.046538487,-2.3002927,1.1669462,2.041529,0.55708486,-0.72101164,-0.26651347,1.386643,-0.39031637,1.2483639
V,-2.0356748,0.32928526,-0.9057867,0.75210387,0.03489211,-0.41634065,-1.5567563,0.34492916,-0.15006436,-0.49650964,0.093849026,-0.98123705,-1.1584228,0.43407267,-0.91752434,1.9709144,-0.27202255,0.49249542,0.8110801,0.10561948,-0.17467973,-2.0573046,-0.31322175,0.12844443,2.374886,-0.3211781,1.8515332,1.0989082,0.8491988,1.1747332,1.4068516,-0.020335631
W,1.6943967,0.65014416,0.58143467,1.2559408,0.6574224,-1.8089224,-0.7664434,0.112073556,0.0392179,0.21682662,0.36223906,-1.3759044,-1.8431501,-0.1419453,0.59355724,0.31461135,0.63906926,-0.86591524,0.78930646,-0.45119807,1.2069942,-0.6916842,-1.80906,1.7730124,1.1455333,-2.0501592,1.9097931,-0.73905444,0.35760033,-0.24779776,-0.49680096,0.17320679
Y,-2.030868,0.39844114,-2.4259188,0.78550786,1.7999656,0.61357117,-0.5388287,-0.41608486,-0.3616267,0.42880902,0.01537808,-1.5185945,0.6916539,0.26650494,-0.044793382,0.6378387,-0.12956715,-1.7878491,-0.49588013,0.36974883,-0.9344192,0.098653704,0.95716596,0.368391,-1.7034887,-0.06494636,0.68650556,-0.4727914,1.2108693,-0.79676837,-1.3680627,1.4793872
e,1.5874268,-0.10484959,1.3014753,-0.6518657,0.67082745,-0.46721268,0.31550232,0.91420966,0.7511224,-0.5920566,-1.0382296,-1.6223524,-0.17016669,-0.2558059,-0.07765657,1.0612373,-0.2008466,0.69521296,0.40273187,-2.160326,0.88882726,0.959869,0.7693467,1.7839804,-0.40113863,-0.8584368,0.61332315,0.35133982,-0.66868633,-0.8041072,-1.2504362,-0.16739184
