s,0.9481989,-0.48031017,-0.5777391,0.080162294,-0.12799487,0.30207583,1.015009,-0.13689739,-1.357146,-0.13942187,1.1090819,0.19747122,2.7588973,1.9461269,0.7684913,1.7229857,1.5683913,-0.5280213,-0.11591187,0.7386779,-0.40704766,0.43397304,1.1099507,1.5955892,0.08342138,0.039726958,-1.7361826,-1.5872264,-0.7815901,0.11876057,1.0998664,-0.2672906
A,2.0227895,0.053301346,0.22443555,0.9688669,0.825638,2.173622,0.8304673,-2.082517,0.46122658,0.5326711,0.4398467,-0.5044804,-1.4282175,-0.3409866,-0.9081172,0.5296444,0.5517462,0.80551815,-0.39724684,-1.5666037,0.05008536,0.7780575,0.52197236,1.7910546,-0.7013213,0.73092926,-2.5659091,-1.5149652,-0.08526113,0.64530665,0.084912285,0.6522259
C,-0.6962623,0.25001362,0.7228061,-0.71736085,-0.4899044,-0.432077,1.0378318,1.5139352,0.743109,-1.3423961,0.05212707,0.7825812,0.12614912,-0.57107526,1.1466811,-0.9000353,0.53279376,-0.9590824,-1.6301128,0.34313548,-0.3249,2.149999,1.0672992,0.024717122,0.08893165,-1.6719333,0.2531714,-0.8199756,1.1935314,0.65068203,1.989992,-0.8112983
D,1.468762,-0.21151938,0.41150177,-0.53839076,-0.77847654,1.0652457,0.580694,-0.83197105,-0.65720296,0.5943418,0.13030389,0.65047646,0.06814305,1.2224177,-0.4238655,0.33513567,0.56334597,-0.10566426,2.6812406,-0.04489391,0.16548699,0.19620287,-0.8342662,0.934875,-0.19041862,0.34382188,0.21575832,0.60927105,0.5158072,0.4674271,-0.320654,0.7467513
E,-0.2936549,-1.3459613,0.18319407,0.37733185,-1.5737996,-0.9837377,0.35290736,-0.36546654,0.78754497,0.1521852,0.7132826,-0.8186863,1.0314456,-0.044580515,-0.37895465,-0.0037067672,-0.79845315,-0.28440386,-0.060555752,0.13475056,-0.6997746,0.4477654,-0.043225244,0.45425287,-1.4844846,0.9628642,0.7201614,-0.03976126,0.8590036,2.0184422,-1.1131337,-1.0348464
F,0.24013785,-0.6846782,-0.9250373,-0.2659465,-0.65838253,-0.2439328,0.5811715,-1.4668604,-0.2967925,0.6396767,1.0864646,2.1660311,-2.0154011,-0.30868572,0.4243505,0.030619256,-0.94659096,-1.3807249,0.860752,-0.49216717,-0.0082756365,0.07319602,0.35926986,-0.46714494,0.38274392,-0.28596506,0.31860074,0.98026675,1.5085975,-1.0335999,0.5305844,0.08413022
G,0.23651122,-0.39018458,0.49845952,0.4818222,-0.2742206,1.0184373,-0.36028114,0.13815962,2.0082443,-2.0325701,-1.4887016,-0.22278388,1.0201571,-0.44364747,-0.031622168,-0.45187426,0.8220037,-0.00024933144,-0.8258942,0.214834,-0.5841035,-0.09097548,-2.3328748,-0.20826547,-0.65592396,-1.2977078,0.20846502,0.47374287,-0.7389602,-0.16055521,-0.53072,2.2199428
H,1.8522711,-1.099788,0.31454816,1.4263164,-1.031315,-1.0061932,0.2074057,1.4738467,-0.35698748,0.9718766,0.84098756,-0.5130018,2.0177324,0.033480816,-1.275742,-0.6283688,0.2687777,0.73853505,-0.97132444,-3.3749292,-0.8001252,-0.5232432,-2.2242382,1.4545872,0.30802524,-0.13736941,-0.5901525,-0.19611971,-0.32229516,1.7220397,-0.58718854,0.37504086
I,1.2820808,0.18936549,1.7923146,-0.4740331,0.078743845,-0.001133303,0.6518307,0.364716,1.5372735,-0.1496221,0.28014657,2.3032272,0.63886625,-0.99391925,-0.6959936,0.73273593,-1.58738,0.9269973,-0.2835628,0.39128435,-1.0205765,-0.44384056,0.07356752,-1.5958507,0.69782406,0.12934732,-1.3989997,0.10644482,0.5552122,0.8169909,0.3762279,0.73616874
K,0.0792372,0.62649554,-1.3463286,0.87658775,-0.052635226,-1.0238726,-0.4296947,-1.4611611,0.24158989,0.22696768,0.29935303,0.9451534,-0.3119826,-2.176668,1.0743197,2.4715283,0.2199196,-1.4304932,-1.967209,0.7832806,-0.64528024,0.97794133,-1.6153334,-0.6253214,0.35608456,1.0659149,-0.41960338,1.3733448,-1.0807998,0.5086512,0.91353154,-0.86994416
L,-0.5830058,0.31660897,0.61627644,-0.48635918,0.47575992,1.4269055,-1.1910161,0.8182092,1.8134397,-0.30142364,0.7677826,0.941146,-0.57280886,-0.0387337,-0.35413927,0.122013144,0.31824756,-0.19574225,-0.12058156,-0.95374125,0.7933857,0.018520443,0.2599913,0.7745385,-0.7069597,0.47661307,1.6027807,1.7513912,0.7948831,-0.040100757,-0.17308545,-0.1474753
M,0.047353085,-1.0314581,0.39563736,0.06585968,-0.5775577,1.1678895,0.9103968,0.8546466,-0.39440575,1.5426226,-0.07831553,1.2773452,0.87368965,1.9841186,-0.37047562,1.6990657,-1.0557619,1.993866,-0.086599074,-0.09559852,-1.1411954,-1.5964702,-0.31990027,-1.7593318,-0.27618468,-2.2206526,-0.3024523,-1.2872984,0.8298343,0.047577504,-0.6218228,-0.4328357
N,-0.042947683,-1.4919424,-0.31310448,0.13929892,-0.41649047,-0.6374549,-0.86861384,0.3942753,1.4154407,0.05797558,-1.6968865,-0.30981696,-0.53453326,-0.06766132,0.050271038,1.0228822,-0.4758975,-0.7933093,-0.3765981,0.33941433,1.8853736,0.90663236,0.020571012,-0.024637247,-0.8444372,1.5208014,-0.48767304,1.1734967,-0.15664554,0.015697427,-0.31433755,-0.6541239
P,0.27705848,-0.32405236,-0.17228895,-1.5605154,1.0766934,-0.36081305,0.59007156,-0.6045174,0.48657966,-0.77387327,-0.9890486,1.7258438,2.3846083,-0.33278918,-0.732667,-0.58299816,-1.238041,2.3747466,-0.30074042,-0.08687554,0.15592219,-1.3448337,0.25342575,2.0769954,0.14301644,-0.8000118,-2.0000362,-0.146158,0.62955064,0.9584397,0.19725284,-0.5062263
Q,0.85673934,-1.1878972,0.0709185,-1.2912129,1.660853,0.37633115,-1.4559329,0.088018335,-1.0978785,0.6813887,-1.16248,0.38927805,0.5507115,0.58097833,-0.6913543,-1.5895511,0.65453374,-0.15424328,-1.1740638,-1.2672228,0.43587926,1.0633458,1.3030194,0.22719836,-0.24239062,0.7763532,0.42726934,0.4021633,-0.10346696,0.77587444,2.3822207,-0.35773155
R,-0.1446642,-1.0715147,0.40482858,0.3025591,0.09981465,-0.9999828,-0.5207673,-0.9259405,-0.11923125,-1.2452432,1.2449471,-0.62690324,0.7130098,0.18929006,-0.9006525,0.2846177,0.07618497,-0.05329265,1.0914268,-0.871793,1.4917388,1.546305,0.42390913,0.9938441,0.3291184,1.6589042,3.7402673,2.3382108,-2.0987885,0.00056270044,0.1629226,0.43339896
S,2.346796,-0.77679473,-0.20478877,1.0048141,-0.13176581,-0.18271635,0.2793909,-1.1125133,0.15099886,-0.5801719,-0.8376874,0.94169635,0.35706365,1.3808553,1.8088429,0.33123824,-1.6316648,-0.021216681,1.4312629,-0.65787166,1.1362076,-0.9038303,2.1136055,0.19319004,-0.7134074,-1.0022087,-1.4877231,0.15719995,-4.0230565,-0.20644826,-0.15528716,-0.81692743
T,0.021587813,1.2972211,0.41300112,-0.96599084,0.29736623,-0.30039328,0.8867088,1.7341148,-0.42158535,1.1893586,-0.6334545,-0.90311396,-1.6364373,0.19514903,1.9826236,2.0249887,0.9065774,0.32490203,-0.65706694,0.34867337,-0.26224193,-1.8207089,-1.059412,-0.20236208,-0.8942362,1.3583188,0.2212909,-1.4852864,0.7952811,1.0322669,-1.0514898,-0.1685189
V,0.39434668,0.5616614,0.7099982,0.5733053,0.44917107,-0.21178845,0.18736266,-0.42186728,0.108247526,-0.4254748,0.48612022,0.53399605,0.77175105,-0.09064281,-0.37703463,1.1030978,0.5069569,1.885688,0.016419692,0.4529872,-1.376387,-0.28746587,0.17128538,0.47033903,1.0283775,1.0194484,-0.30964607,0.59669405,-0.36850363,-0.22231786,-1.3331883,-0.91341525
W,-0.36881807,-0.27120116,1.1767609,0.6054851,-0.2857657,-0.9698237,0.61978275,0.19913709,0.560147,-0.045864254,1.1534355,-1.4392233,0.07272043,0.3526365,-0.97232974,0.09854953,-0.018471235,-0.9986666,-1.2363425,0.7299196,-1.6847787,-1.0892291,0.367586,-1.5530303,-0.76747304,0.3733713,0.5581478,-0.6924509,-0.75311536,0.17349145,1.5925963,0.2044951
Y,-0.83634275,-0.8737686,-0.807325,2.6077766,1.5032051,-0.88832915,-1.95508,-0.046642914,2.0319724,0.1857915,0.46775478,0.98638856,-1.2312185,-0.5931528,0.3259158,0.17454173,0.2305757,-0.6609735,0.5244427,-0.39668164,1.6251193,1.0919442,-0.43677962,-1.2838292,0.8156184,0.47840828,0.2265393,0.7240029,-0.55900633,0.029021244,-0.52608126,0.011771474
e,-1.7883213,0.011214382,1.4735138,0.11389919,0.39365575,-0.8314911,0.7381208,-1.1272475,0.13453615,-0.37807804,0.3231252,-0.0108566815,0.93982375,-1.2549086,-0.43045998,0.39578977,-0.27030718,-0.5739005,1.5675646,2.2026455,1.3154627,-0.64508796,-0.73717135,0.4843899,1.5901021,-0.96397835,0.41263542,-0.50708586,-0.7151814,0.2576822,0.38652313,-0.06807135
