s,0.68270874,-0.75302684,-2.2404716,0.6659648,0.85357046,0.62700933,-1.6696332,-0.8411214,0.7691139,-1.0861623,-1.0886674,1.4396442,0.14247929,0.13925777,-3.0782695,-0.6879935,-0.3499923,1.2900734,-0.33400953,-0.41899484,-1.0786358,-0.40740886,-2.7942607,0.11403929,-1.7702789,1.1390673,0.21806593,0.08809824,1.5735816,0.2420966,0.17507605,-0.9531103
A,-0.6530472,1.3337821,-0.40465903,-0.9362149,-0.685082,0.44561878,-1.1426004,0.15824725,1.2982693,0.55943495,-0.5274428,0.13960052,-0.6092906,2.0580256,-0.39122126,-2.170553,1.0364889,-0.85487133,-0.12503916,-0.67136514,-0.8818793,1.14706,1.3438158,-0.062405933,-1.2887008,2.8490722,-1.5227432,1.0005108,3.0680327,-0.11483439,0.8885266,1.1328123
C,-0.9017408,2.1797822,-0.7892008,1.1116812,-0.14673387,-0.21788304,-0.6547138,-0.4036365,0.90238005,1.6757438,0.6493538,0.2128641,-1.1410658,0.97482073,0.024419427,0.95477855,-1.4581509,0.27131003,-0.2647755,-0.1044924,0.9502263,0.7826669,-0.19803564,0.12402843,-1.0070856,-0.17616376,1.1218505,1.22286,0.6992934,0.16535385,0.33243766,0.40297246
D,0.86030483,0.004983139,-0.6184924,0.13671504,1.8948311,1.1175116,-0.11864829,1.2645764,0.1284793,-1.3659573,-1.0457649,-1.1247952,0.37010047,0.9519455,-0.26951516,-1.3740158,-0.1465856,-1.462588,-0.5717141,-1.6408752,-0.13155101,1.1116359,-0.20421718,0.41116214,-0.4866176,-0.44247502,-0.4495012,-1.8514822,-0.66672534,-1.0993983,1.1094073,0.21616648
E,-0.3294269,-0.37754488,0.14966655,0.7341372,2.489548,1.5702786,0.38172993,1.171905,0.71653855,-0.10226053,0.99474174,1.8317556,-0.84913534,-0.30781665,-1.6870397,0.2593869,1.025769,-2.0365093,0.14420952,-0.17053299,-1.0140697,0.6378124,-0.6043963,0.5933897,0.17946582,0.7704465,-2.0246933,-0.90039855,-0.5762276,-0.08316603,0.3188489,1.4614295
F,-0.4499985,-0.957902,1.141205,0.15835886,-0.59767926,0.576087,1.125695,-0.33266616,-0.18704152,1.4118963,-0.74005836,-0.8933644,-1.4619242,-0.20240745,-0.7697616,-2.2896137,1.257875,-0.46296376,-1.2105825,0.112421684,0.59129196,0.8254618,0.38654116,0.35699603,0.835432,-0.63887435,0.3149926,-1.1424112,-1.9779232,0.8254103,-0.3879349,-0.9333498
G,-0.6353841,1.2001827,-0.15441634,-1.1820141,-1.1514118,-0.75911546,-1.4814956,0.08974691,0.18742317,0.5330708,-1.2751514,0.3775965,1.622504,0.8105288,-1.7147124,1.1115748,-2.0537634,0.14833908,0.8828394,0.11124804,1.1149738,0.5519488,-1.3016397,2.1489377,0.63396406,0.52156156,-0.09894372,0.89765435,-0.011665225,0.6303717,0.7780381,0.8035658
H,1.0262524,-0.03042417,1.5821898,-1.0298737,0.41639242,1.4065268,-0.79541606,-0.445412,-0.17670487,-0.09386592,-0.048678584,-2.0644624,0.09625929,1.5366551,-0.99705833,1.6865864,-0.7478189,0.3877936,-0.53904015,-0.210049,-0.76526517,0.19604585,-0.51474476,0.636905,0.24373122,-1.8013768,0.56765825,0.5242497,1.0202085,2.1119034,-0.65657854,1.5497538
I,0.67646146,0.7865136,0.028749183,2.0885851,1.2812482,0.6349604,0.67996174,-0.69339603,-0.46037504,0.38924676,-0.0414173,-0.85724103,-0.8808779,-0.45308796,1.5355955,-1.3803039,0.8513291,-0.6653789,-0.21184163,0.54885745,0.74005514,0.5112425,-0.09350533,1.7741479,0.9593102,2.5277734,0.72832566,-0.2875966,-1.5025212,-0.80230284,0.56724143,1.0359111
K,-0.34982783,0.010921647,-0.42673245,1.8359447,0.39371797,0.44960636,-1.0597942,-1.4351354,0.2991791,0.17315663,0.981916,0.63869977,0.3706855,-0.051644977,-0.12019278,-0.19055387,-1.0221444,-0.8533423,0.078847155,0.30161163,-0.8151056,0.46309197,-1.38797,0.046832293,-1.0587604,-0.40279824,-0.7270014,0.79836345,-1.2340404,-1.3475398,1.0113409,0.047351617
L,0.38678265,-2.109271,0.88904345,-0.87854004,0.35355496,1.6916922,-0.13736221,-0.42203322,-0.12651631,0.3052318,0.20941393,0.26543805,-0.13649459,-0.121756636,-0.3179664,0.3419634,-1.1639014,1.7896492,-0.030062625,-0.83412933,0.065029696,0.08319781,-1.1940907,-0.22706975,-1.8762773,-1.040998,0.5813397,0.2371047,0.69713736,-1.0819705,0.6284129,0.25739995
M,1.7704285,-0.7189586,-1.4568964,-0.51643866,-0.26886204,0.7792922,0.2514655,-0.19455887,-0.7171178,0.85475355,1.1404394,0.883368,0.8000756,0.16326524,0.042901073,-0.5972235,-1.744757,-0.3174206,1.513709,0.42491117,-1.4322572,-0.22335032,-1.5239248,1.8106939,0.4384327,1.3263338,-0.29298556,1.6160113,0.85898566,0.5933969,0.9164835,-0.6396196
N,1.4098945,-2.1929119,-1.1526479,-0.46109974,0.5356912,0.036255136,-1.8499635,-0.23362179,0.12801783,1.0502827,1.4152622,-1.4192746,1.7026709,-0.4191962,-0.059265133,0.636555,0.12946366,-1.2968138,-2.7999625,0.8673594,0.20640796,-0.92285156,-0.7055901,0.82574445,-0.5439087,0.8884117,0.9429199,-2.110707,-0.20447499,-0.9807132,0.07864078,1.2162069
P,0.77061456,0.6566352,0.3683477,-0.18470089,0.8762093,0.13763978,-0.06990004,-0.10868282,-0.4191572,-0.14987808,0.90117157,-0.34836596,-0.31718504,-0.3103742,-0.5106904,0.5028736,0.6488521,1.9359341,-1.0863116,1.5559013,-0.5513237,0.95950943,-0.68963706,-1.1320258,-0.6925693,-0.20184857,-0.8240495,0.35793453,0.055896375,-0.70394385,0.27058634,-0.7604298
Q,-0.7402982,-0.45114183,-0.3947026,0.42457476,-0.731924,1.1516488,-0.021743502,0.47529304,-0.77415866,1.1257477,0.5562409,2.1444135,1.6622642,-0.66722584,2.6765876,-0.6002448,0.015088668,2.015291,0.3447035,-1.187524,-1.2304676,0.048763636,-1.2090926,-2.0858061,-0.7068187,0.5971248,-0.5550217,0.036018573,0.27205363,1.0099872,0.60049236,-0.6739833
R,-0.098992,-2.2084837,-0.39334044,0.47327965,-1.133808,-2.8025377,0.7169648,0.9234613,0.87869906,0.6681162,0.6080459,0.6356301,-1.3409196,0.9542606,1.4194674,1.7119336,0.75404185,1.8782694,-0.08361251,-1.0929734,0.306288,-0.40845096,1.5233982,-0.10307075,0.48557773,0.353939,1.3766136,0.33130902,-1.5783055,2.173783,-0.77286947,-0.74491996
S,-0.7811059,-0.5740012,0.06023348,-1.4392798,-0.3942318,1.2099946,2.1658628,-0.17358592,2.2381098,-2.018458,0.39042982,0.7140739,-0.004834243,-0.6875557,1.7630713,0.51523536,-0.74373215,1.00058,0.5087797,-1.8185897,0.6372097,-0.50085723,1.484799,0.42614505,0.3142194,0.14848211,0.5785994,1.4301336,1.1366895,0.9040446,0.3497792,0.97414386
T,-0.08521635,0.9714577,-0.72138655,-0.48540184,-0.70093423,0.85858315,-0.2727672,0.21318786,1.4499608,-0.20149902,1.4522345,0.3194196,1.2069046,0.75516033,0.028554283,-0.42178,-0.07202067,-0.12230525,-1.3520888,-0.23860134,-0.394323,0.549569,0.4127654,-1.6690218,-0.4278106,0.1242804,2.44413,-0.9824897,-0.8094122,-0.97637814,0.32374611,-2.015026
V,0.51298165,0.09644895,-0.92535526,-1.3484904,1.2530557,-1.1277189,1.4068462,-1.4311473,-0.6568727,1.5394213,0.9630801,-0.7045789,0.5669386,0.080363,0.13962714,1.6288506,-1.5104666,-1.2384052,-0.24186309,-0.0013582051,-0.5531954,0.08501042,1.261436,1.7589977,-0.70195484,-0.040842075,0.4772715,0.84793204,1.6149018,0.29718852,-1.4036374,0.8390019
W,-0.18650381,1.0281425,-0.68664795,0.8493959,0.5576055,1.5770564,0.014511596,-0.64899313,0.09947244,0.1983425,0.5675917,-0.23280919,0.24136338,1.7683696,0.56863654,2.5133724,0.8559854,0.7903103,-0.28145233,-0.87138194,-0.8989064,-0.80621123,-1.4005293,-1.2698126,-0.032482564,-2.1363006,1.2268333,2.9408019,-0.8296535,-1.5481776,-0.31174454,1.0513465
Y,1.5927207,-0.39708248,1.8919829,-0.61900514,-1.9881678,0.037927147,-0.59096074,-0.33497345,0.2541142,0.24194433,1.0463055,0.046050385,0.8795087,0.40663177,0.17109777,-1.7006645,1.8840805,-0.48544106,1.3650675,-0.9109847,0.30491674,-0.07770744,0.011317992,0.56651556,-0.83042556,-1.9860805,-0.48394307,0.50879985,-1.4239775,0.00067533477,1.7686938,-1.2476447
e,-0.34863737,1.7121736,2.2137966,0.30366707,-1.1949788,0.3975042,0.76112014,-0.83800447,-0.06099498,0.28475803,2.0166361,-0.19697799,0.22725636,0.8258766,0.27815992,1.5207161,0.3488137,-0.1855961,0.20853643,0.35016787,-0.037802856,-0.73971206,-0.1432231,-0.08206414,0.85404736,1.5478839,-0.033322293,-0.5558728,-1.3770677,-1.2212917,-0.13447383,1.364333
