s,0.46999174,0.19580181,1.3509027,0.40811884,0.5048448,-1.9053997,-1.9999975,1.0132786,0.3579904,0.63073796,-0.1703333,0.31104943,0.07393905,0.2500071,0.82199705,-1.4919906,-0.40048784,-0.8909245,1.0172079,1.0973588,0.026656277,-0.94327605,0.39749557,0.8884323,0.1740235,-2.1277432,0.2783374,1.4726369,-0.47001824,1.7177966,2.0468876,0.24758573
A,0.7349019,1.0947758,-0.24806869,0.43798366,0.947955,0.42441082,0.34937882,-0.00067048334,-0.7619972,0.36864954,-1.4283104,0.30185148,1.1352394,0.063103236,0.6404247,0.0006792546,-0.47346184,-0.18869315,0.57009256,0.49883303,0.65313023,0.5999697,-0.46052054,-0.20482388,0.56680876,-0.8168094,0.4801685,-0.6878244,-0.545208,2.1457095,0.11849508,0.8149302
C,1.6555898,-0.4126101,-0.11981098,2.3884375,-0.080475956,0.30617365,0.1383115,-0.9346084,0.5958983,-1.0502758,-0.12510471,1.0376135,-0.39162368,-0.35493138,0.3320873,-0.40856144,0.6138701,-0.8101692,0.49543968,-0.5761916,-0.59265846,-0.4196119,-0.94406474,0.4217693,1.0692761,-0.9509267,0.81385785,0.104888454,0.08362063,0.51130295,1.1551503,1.4635373
D,1.2758654,-0.86460423,-0.62557006,0.8584768,1.6460209,0.8713431,0.94046724,-0.09860425,0.1075545,-0.33286887,2.4754417,0.92264676,0.45459014,-0.9887484,-0.047384456,-0.84716815,0.8837355,-0.8549881,-0.69124526,0.12153651,-0.5870644,-0.53248286,-1.195857,-0.6616391,-2.0147636,-1.2403914,-1.3998603,-0.46203157,0.71657985,-0.85790277,-0.54582626,0.7245237
E,-0.81888384,-0.017904798,0.8750971,-0.088104956,0.17167786,-0.36214846,-0.03029013,0.5113185,0.5007234,-0.5215619,1.109769,0.3207303,-0.91615,-0.78764033,0.5452814,0.029086454,-0.6078803,-0.07839255,-0.61505497,0.35424295,0.34280267,-0.92894,0.8682091,0.696278,-0.08674857,0.7251017,-1.7682753,0.5523992,0.4834585,1.0931414,-2.1352923,1.492476
F,0.18771072,0.63474935,1.8054755,1.4173021,0.20994104,-1.4138006,-1.7023443,0.29435194,-0.1483199,0.024904085,0.28280437,0.4743827,-0.4083701,1.5952144,1.3481671,-0.6502461,0.39988253,-0.010098176,0.5731594,0.8117356,-0.12697187,-0.7396834,-1.346779,2.1685276,0.45550862,1.2217371,-0.38217288,-0.23783378,0.42195168,0.8153286,0.44354144,-0.99445856
G,0.94805235,-0.23515755,0.96554124,0.24891584,0.88837904,-0.7403932,-0.3184554,1.6886907,-0.26286152,-0.44667363,0.40666807,0.049889445,0.09377521,-0.68598694,0.52864563,0.53978765,-0.48506108,-1.053816,-0.047420975,0.3298237,1.7295262,0.60562426,-0.48008043,0.60516655,-1.1095272,-0.004904056,-1.7125121,-0.4842015,0.25794646,0.017185656,-1.8108053,1.5902772
H,-0.7893281,0.20753916,-0.17097664,1.9653435,-1.4818412,-0.23116502,0.24066043,0.3556121,1.2934391,1.7317755,0.4140231,0.8890561,0.09712153,0.70094407,-0.90311694,-0.5055653,0.1326847,-0.33671296,-0.788006,-1.2673377,-0.9141459,0.3947855,0.34213954,0.9387025,0.5798778,0.3264009,0.88441306,0.6148671,-0.20501606,0.71881783,-1.3243276,-0.9924316
I,0.33095494,0.91348755,1.8462456,0.09313563,0.17862208,-0.21081623,-1.941457,-0.2220973,0.71620786,1.2967103,-0.5167863,-1.4674276,0.8896085,0.4545077,-0.009809029,0.13595887,0.45840243,0.1631814,-0.124795586,-0.5280607,0.014840799,-0.91743547,-0.46391547,0.75859535,0.12718293,0.22271852,0.49961323,0.16515431,-0.68761694,-1.5122875,0.83555835,-1.0153005
K,0.3305087,-0.42499906,1.1727837,-0.17039298,-0.7393143,-1.4930542,-0.21915567,2.6498575,-0.335598,-1.0879934,-0.9987762,0.23694329,-1.3855711,0.22673127,-1.8256919,-2.0814116,0.51066947,-1.7303071,0.34100172,-1.1525979,2.0454679,-1.6818485,-0.18307707,0.8666773,-0.7589716,0.49723879,-0.09839721,0.9957224,-0.045444343,-0.87910527,-0.60356647,0.6024066
L,-0.37739313,1.6632873,-0.34773427,-0.24648246,-0.7708214,-0.8744215,1.2589818,0.7367302,1.1494489,1.0968211,-0.763631,-1.1507735,-0.26741204,-1.290534,-0.42643362,-1.7441008,2.2309442,1.089063,-1.9280981,-1.1009954,0.56687593,-0.4374773,0.3914849,0.63151735,0.5455884,0.3925136,0.2637776,0.18145072,-0.2842804,-0.4582108,-0.53159064,2.0616076
M,0.0499803,1.2430755,1.0447853,2.5346878,2.0904067,1.31268,0.09534291,-0.70341635,0.6444431,-1.2571036,-0.9727298,-0.5804557,-1.1299357,1.2074358,1.2760358,0.37871388,-0.17390507,-0.31393638,-0.51283544,-0.8660491,1.4966424,-0.77594984,0.39133483,0.23363768,0.6555952,-0.6748393,-0.1427638,0.5226323,-0.0009898678,1.5994647,0.92170626,0.9883268
N,0.06806612,-0.545241,-1.3330168,0.4977254,-0.5253356,0.53407043,0.460755,0.51549923,0.23031893,1.396794,1.1345598,-0.2757022,0.9578933,0.045010645,0.07969192,-1.5959473,0.0005344846,0.43031722,0.20280771,-1.8163744,-0.3461928,-0.39503574,3.0869567,-0.2406836,-0.47308487,1.2904865,-0.9558909,-0.33696163,-1.0886952,-0.31837994,-1.7755277,-0.11716136
P,-0.87146896,3.3770008,-0.13981143,-0.033855323,0.35569936,-0.10069112,0.35361126,-0.5077096,1.2111496,0.49004692,0.6950628,0.014116103,0.30944362,1.0234451,-0.006739723,-0.015873061,-0.059290633,-0.6238028,-1.6602526,1.0443586,-1.2767897,-0.4886414,-0.59534466,0.18910682,-0.7036435,-0.7876022,0.6447522,-0.41682202,-0.053456288,2.4951289,1.7219156,-1.5759006
Q,-0.67753243,2.082164,-1.0011438,0.7787683,-0.7404168,-0.6545072,-0.7319909,1.4259126,0.3099364,-0.1008875,-0.104662836,-1.0345832,1.2564414,1.110051,0.44348726,-0.5534146,-1.4469149,0.37939698,-0.2342238,-0.97084075,0.60166574,0.5975574,-0.4868553,1.169745,-1.2170484,0.9429024,0.1090498,-0.8607656,-1.178959,-0.6133327,-1.2215142,-0.8100854
R,1.2781781,-0.7876431,0.78505355,-0.25603434,0.13394207,-0.22007519,-0.013397378,1.8522147,-0.03677465,-0.24499863,1.074523,0.8154136,0.14824302,-0.49809277,-0.31139177,0.3548059,-0.130585,-1.7519962,0.7474847,-0.1432108,0.6333532,-0.62399155,0.94200486,0.06462561,-0.9316904,-0.2713573,-1.7637775,0.029595472,0.012855969,0.043650243,-1.1982926,0.4024942
S,0.9172098,0.21042807,2.0119486,0.9123101,1.546881,-1.664825,0.38799924,-0.39923972,0.48543796,0.89461094,0.13794653,0.53808653,-0.5001514,0.7733419,0.42523295,-0.5602433,-0.021114854,-1.4420347,0.5088781,0.24322334,0.56697655,1.0932862,-0.19752413,0.18142506,-1.2226577,1.1526678,-0.7950832,-0.3384091,0.2194112,2.2770839,0.31484923,0.17042542
T,0.6666385,0.122347176,-0.21248074,0.07603556,0.32430118,0.0041805143,-0.17058225,-0.32111508,-0.051329665,0.55140406,0.6051169,-0.40611127,0.30131474,0.48646334,-0.04753573,-0.3351596,-1.3191512,0.5386621,1.1014482,-1.2256818,0.3818348,-0.28903288,-0.14496647,0.60237575,-0.078540824,1.0823796,0.46138743,0.59001416,-0.51304865,0.79695916,-0.48162594,-1.4372914
V,-0.45937523,0.61037654,-1.3442588,0.2771013,0.070794195,-0.21587785,0.8619257,1.1107366,0.58384556,0.5156859,-0.007157558,0.051050536,1.3284621,-1.3303766,-0.24071985,-0.008124674,0.8547196,-0.18828663,-0.6354132,-0.6402993,0.66634923,-0.27544987,0.244454,0.59423584,0.23999298,-0.22571239,0.31122282,-1.0248368,-0.92089885,-0.37201595,-0.37892857,0.6180413
W,1.0507845,-1.025441,-0.25426355,-0.5892228,1.0732213,-0.8240539,0.02587353,-0.66462564,0.92878574,-2.0872588,2.4141479,0.056941256,-1.9803711,-1.5762016,0.23101121,0.11387084,-0.7430274,-0.2670081,-0.5839839,-1.0409691,1.1023514,-1.7319514,0.42874286,0.040519092,-0.46121642,0.9011513,0.011539556,1.3883971,0.69542503,-0.91996306,-0.57193696,0.60486925
Y,2.270148,-0.3150477,1.2926395,-1.2566915,-0.1252834,0.29490206,-0.5449492,1.2423404,-0.4423002,0.06777778,1.6913248,0.16529778,-0.09948951,-0.14001042,-0.2614012,-0.42239514,0.9283801,0.44683197,1.3137058,1.4065349,-0.06839836,-2.4870183,-0.42721227,-0.23139594,1.6899368,-0.48291433,0.36451825,0.36118346,-0.07257834,0.42006984,0.068541676,-0.42977634
e,-1.3547713,0.8318614,-0.7337415,-0.07085337,-0.7912324,-0.36894426,-0.19998962,1.5384423,0.0782592,1.4036127,-0.44329193,1.1207061,0.87887555,1.1295246,0.026477732,1.1655294,0.23553085,-0.6565306,-0.41119576,0.88895875,2.1063707,-1.5403423,2.000002,0.32615694,0.46960464,0.69178724,-0.84021866,2.1467855,0.5000096,0.14804319,-0.92627853,-0.35689214
