s,1.1849905,-0.06984479,-0.3872515,0.24766341,-0.19234,-0.26506203,0.8699336,0.17119902,-1.4938245,1.4909592,1.6628737,0.9315573,0.3272105,0.571826,1.3727214,-0.15088505,-0.059682377,0.71901274,1.0950955,-0.08884162,-0.5242391,-1.2701445,-0.25132188,0.565991,0.5487542,0.39932007,-0.15345123,-0.58086216,0.8140538,1.4966654,1.271233,0.23287395
A,-0.064667866,-0.03413174,1.4371377,-0.70748025,-0.7572184,1.6777594,0.7699601,0.6365143,0.34312582,1.4366819,-0.31931078,-0.6135443,1.8371061,0.1684173,0.1653395,-1.6498221,-0.53076965,-0.21735922,-0.4405358,-1.7157854,-0.83888006,-0.66730875,0.4455889,-1.3937914,-0.70695704,0.0042819786,-0.65623736,-0.36370367,0.34278914,0.9748691,0.018361254,0.028670298
C,-0.23733392,0.7097326,-0.27709556,0.87596524,0.06135573,1.0490274,-2.0320005,-1.1238788,-0.015774041,0.37066427,0.1620604,-0.14983067,-0.86828995,0.3917034,-0.8240849,0.0963701,-0.4651948,0.84492403,-1.2154866,-0.067141816,-0.35081482,0.21681768,-0.81065375,0.313872,-0.42755398,-1.5173315,-0.34086677,-1.3987275,-1.289707,-0.99672055,0.07627919,0.36936304
D,-1.6686336,-0.54757756,0.79021996,0.12595256,-2.165431,-0.9792866,0.052880146,0.65779114,1.2788355,2.030398,-0.08094833,0.22463505,0.42019016,0.6271835,-1.9185205,0.70367193,-0.40621528,0.4090785,1.9119974,-0.39816353,0.112700015,1.0926254,-0.87748104,1.1333342,1.0186263,0.062844805,-1.4105297,0.48782107,-0.0015809593,0.22250067,0.10362215,-0.8615771
E,1.3842804,-0.64112,1.4358925,-1.5404795,2.340977,0.27567843,-0.86170244,2.4777215,-1.1827319,0.2700465,0.9574814,-0.5484439,0.5214229,0.08065159,0.05243194,-0.23985882,-0.133351,0.5145007,0.8224605,-0.6426535,0.7362087,-0.27897733,-0.18598074,-2.6064403,-0.30038497,-0.477524,0.09664656,-0.004309316,1.2251788,-1.5150218,-1.4724092,-1.2106506
F,0.85747105,-0.23911591,-0.73863596,0.11417266,0.64546543,-0.24678613,-1.4419445,0.6174995,-1.4517515,0.7619706,-1.2321107,1.6992347,0.15239336,1.2512302,-1.2239861,-1.455394,-1.9102396,0.8935919,0.9619402,1.6407449,-1.7912412,-0.56127447,-0.10298722,-0.57806975,-0.4070449,-0.7105669,-0.13826902,0.28156468,-0.04962446,-0.43315542,-1.9680629,0.05558897
G,-1.1873244,1.0166347,0.24788195,-1.6934526,0.28007275,0.817975,0.70997316,-1.0442456,1.2079977,-0.50198764,0.6609133,1.5648391,1.1148282,-0.39638644,0.35945708,0.20668662,0.97416306,-1.0587481,0.210527,-1.2352517,0.7202876,-0.07921497,0.53865486,0.11399644,-1.3831588,-0.06305935,1.2318554,0.4539344,-1.0781666,1.4377108,0.4497219,0.22412275
H,-0.9243431,-0.6011759,-1.5489253,-0.33661735,-0.9703075,-1.714845,-0.2845104,-0.24805394,1.1197178,-1.1631675,-0.24176775,1.9932295,-2.397647,-1.3981911,1.1027412,1.152476,-0.19665515,0.6218686,-0.28621155,1.4853159,-0.6782232,0.14928009,-1.2601255,-1.7310394,0.6997829,0.3914584,-0.14129426,1.0652883,-0.19767451,1.4209439,2.8561137,-0.21453981
I,3.1067657,-0.65712,-1.0852634,-0.575537,-0.22250336,-0.66472286,-0.014029567,-0.899324,-0.7222845,0.34591147,0.23027585,-0.2899769,0.34623587,0.25775602,0.059766,-0.92305654,-0.25034153,0.23178741,-0.5414014,-0.73810816,0.7610425,0.10268714,1.3880054,-1.1508517,-0.23977856,-0.1659997,0.3775997,-0.2923066,-1.8340813,-0.42364332,-3.147088,0.1982167
K,0.2931023,-0.11248792,-0.7594618,1.8699319,-0.3039187,0.48508862,-1.6340746,0.35665318,-1.0109167,1.4979422,-0.96470153,0.42801198,0.6234427,-1.027045,0.31032023,-0.791133,0.5115604,1.7068467,0.4999383,-0.024137018,-0.37899506,1.5455464,2.5689712,-0.113863185,1.404013,-0.7131968,0.49323007,-0.14766611,-0.006933298,0.43879405,0.9654665,-2.1755943
L,-0.015978798,0.9011026,0.5099451,-1.4736632,-0.9945465,-0.1872723,-1.3858932,1.2348429,1.6022161,0.026601339,-2.7156663,1.0566995,0.53669715,0.100971326,0.56715184,-0.23149998,1.6475863,-1.131317,-1.370376,2.1278846,-0.81413347,0.4244567,0.07969912,-1.1079538,0.519842,-0.82250863,-0.38114756,1.0598773,-1.9466794,1.2221566,0.32058078,0.09094678
M,2.1674542,-0.67455006,-0.68541884,2.504784,0.15201983,-0.088296235,0.5028944,-1.3171034,1.7792113,0.052111663,1.1482013,0.73765695,-1.5835403,2.1390889,-2.057398,0.67154354,0.5808914,-0.14554608,-0.8445735,1.2260277,-1.0645281,0.71922535,0.032129407,-0.0878471,0.2116586,-0.930503,1.094062,1.2124425,-1.4634604,-0.84389585,-0.25809765,-1.3624486
N,0.4530507,-0.60428613,-0.7229256,1.6998258,1.2005091,2.3440964,-1.5338805,-1.1644564,0.5183632,0.56205714,0.117694154,1.3861928,-0.54739285,-0.03409628,-0.8805299,-2.1012897,0.528007,1.6413383,-0.16398975,0.13385814,-0.11902988,-0.5589157,-0.31526348,1.6768618,-0.13260798,-0.67205846,-1.0692381,0.0835041,-0.8646654,-0.10511838,-1.126794,-0.008973802
P,0.18088432,-0.79749453,0.19365124,-1.2702065,1.0793073,-1.0025067,-0.7321777,0.09964775,0.51867664,-1.4678503,0.30619404,-0.70347446,-0.31410933,-0.20737503,-0.36257568,-0.4185831,2.1473653,-1.7773649,0.23353583,0.19244143,-0.24606986,-0.5041069,0.3726016,-0.69215894,0.101412386,-0.6510045,2.10679,0.7954002,0.12378619,1.636039,-1.478745,0.47041526
Q,-0.7728523,1.4469595,-0.2792847,1.3940374,1.2487292,-0.08837259,1.2476242,0.92472166,0.49411508,0.09870862,0.73545593,1.2645742,0.37279257,-0.70716256,0.55080634,-0.08445499,0.06387883,0.06772494,0.053826213,-0.7226484,0.33542764,0.7862139,-0.12487676,0.42898184,-0.23264094,-0.08324352,-0.55096656,0.88153034,-2.3308027,0.78382427,0.82694554,-1.2403837
R,-0.5199985,-1.1405275,-1.7697763,0.102866806,0.15113753,-1.2326075,1.5500094,-0.1674124,-0.28595617,-1.0173466,0.93267256,-0.0689994,2.6354778,-1.7322514,-1.3049133,0.3667581,1.2179488,-0.13235687,-0.2722934,2.1023135,0.026998186,-0.96709365,-0.1733341,0.68392605,-0.9989357,-0.12770599,-1.5767648,-0.39151216,0.74915737,0.9373769,-1.0569018,1.3246474
S,0.36060956,0.41057962,-0.8601363,-0.95127064,-1.3712407,1.0434089,-1.2629362,-0.27844068,0.9906003,-0.26747692,-1.1325545,-0.023613052,0.28743985,-0.34926873,0.3769925,-0.35245812,-0.60164684,1.4826953,2.006057,1.8296747,-1.18002,-1.0677152,0.24829641,1.1940207,1.3511637,0.7156073,-0.22598349,-0.6904898,0.04072918,0.48219708,0.0534144,0.08006796
T,1.2860333,1.2864963,-0.27108556,-0.19207299,-0.22965582,-0.38982108,-0.3641995,-0.001889937,-0.9201572,-0.5198561,0.43736523,-0.15229735,0.6750505,-0.33928448,-0.8921381,0.39217693,0.88379055,1.9889742,-0.18455347,-0.1404418,1.917138,-0.015125067,-1.2717929,-0.6306729,0.14413483,-0.79743797,-0.86702746,-1.5526298,-1.2315031,-0.052884992,0.47994998,-0.084624365
V,0.96594036,-0.69408,-0.89885634,1.0147555,-1.603332,-0.43697166,2.0743,-0.5800445,1.1692045,-0.97948664,1.3108639,-0.5365122,-0.60565305,0.088526025,0.7684692,1.8381729,-0.62199867,0.61915773,-0.13828021,-0.31687796,0.24679857,-0.44305953,-0.25705087,0.41581187,0.6450348,0.1752846,0.48824975,-1.1887022,0.35096154,2.4899702,0.58815,0.3989507
W,1.0728703,2.108056,-0.50451326,0.41985425,-0.86559284,0.13419488,-0.91129005,1.2709544,0.09714049,-0.9040539,0.17908661,-0.9904914,-0.81745636,0.34369707,1.5329914,1.3228822,0.21515103,0.27872747,-0.25313574,0.89331466,-0.70242316,-0.32359612,0.8769145,0.7412983,1.1154214,-1.8315876,-0.8041485,-1.4958416,-1.3686146,0.67050135,-1.2096782,-1.6048886
Y,0.8785388,-0.47202733,-0.7197349,-0.6030629,-0.78850436,2.4799774,1.1261705,0.5601972,0.2821664,-0.2656924,-0.7779691,-1.4854953,0.33464554,-1.5317838,0.9053182,-0.81716835,0.3898818,0.21404073,-0.82143676,-0.88308775,2.0472393,-0.51469475,-2.70065,-0.019320786,-0.46286502,-0.11302269,-0.16360812,0.27909198,-0.04372021,0.71169615,0.68386316,0.38080162
e,-0.44070607,0.51677644,-0.106959194,1.3229069,-0.5983984,-0.22188047,-0.5516307,0.03729907,-0.35231462,0.7450876,0.9965436,-0.5849767,0.9892675,0.23959503,0.44865873,0.31825238,0.38318107,2.3827043,-0.5286886,0.7051608,0.67152715,0.6229819,-0.22658195,-0.43769348,-0.24900794,1.0075561,0.072684646,-0.13667312,0.8240016,1.5130225,-0.276104,-1.2362825
