s,0.1194752,-0.052103117,-0.8578475,1.8975048,-0.7320159,0.07437673,1.376392,0.31012002,0.4908398,-0.64927,0.19329765,-2.1283202,0.26878667,1.3639483,1.419515,1.4959589,-0.74981654,0.040655717,0.16336524,1.8426217,-1.3403853,0.031992707,0.87739795,0.0018841084,0.6066727,-0.3076575,-0.84263897,-0.36767018,-0.6997063,-0.04717667,-0.31303793,-1.1464238
A,-0.93650687,0.12852597,-0.94437444,1.6036624,2.9750936,-0.6375125,-0.46206483,-0.76829934,0.10233401,0.24802464,-0.6154286,1.451787,0.28910476,-0.008435449,0.025044113,0.88620955,1.6775006,-0.023878314,0.652719,-1.2923506,0.091671824,0.1873356,-0.0064379307,0.16516344,-0.55887026,0.3660976,-1.372222,0.7992418,2.1714191,-1.7036152,-1.0251689,0.7698844
C,0.03836012,-0.29491988,-0.016358007,-0.11237629,1.8018765,-1.8969656,0.32072344,0.41117522,-0.34781134,0.95992416,0.500828,1.1115311,0.6874937,1.500938,0.7913382,0.22452715,0.055775464,-1.8126634,-1.6720747,-0.19970344,-0.19324349,-1.3037937,0.40177426,0.78380907,-2.0210567,0.29371902,0.8270585,-0.24864052,0.67912465,0.028822873,-0.111643516,0.18342665
D,-0.074936844,-0.5922433,0.22585703,-0.24891694,0.9549869,0.5954842,-0.0155362375,-0.33764437,-1.3387536,0.31226867,-0.6403976,-1.2483957,0.09092672,-0.35355568,-1.7883884,-1.1490202,-0.88078016,0.73232067,-1.1756985,0.40603432,-0.7194195,-0.3029907,0.63151026,1.5052137,1.353742,0.21089707,-1.0494965,-0.24697223,0.98620844,-0.292223,3.1598501,0.263151
E,1.2914153,-0.23414607,-1.309284,-1.081063,0.5902394,-2.0998259,-0.70430905,0.061257973,0.6306299,-0.67291373,-2.0017498,0.039846223,0.50938773,0.8103533,2.3265011,-1.5237685,0.816583,1.0243189,-1.1650932,-0.79747325,1.5630401,0.6885146,-1.661095,0.2925591,-0.45589283,1.9735569,0.21317369,2.1094513,-0.2890965,-0.17682073,-0.6400589,-2.3825963
F,1.1674553,0.62511146,-0.06950364,1.6133128,0.50113505,-1.3342577,-0.8174471,0.34479856,-0.8968291,-0.2702186,-1.4595896,1.2218637,0.4702114,0.3745594,-1.3845118,0.06230129,-1.0900493,-0.83134717,-0.81329554,-1.261928,0.83678263,0.35628393,1.1146303,0.8986987,-1.5177355,-0.6707947,-0.8342226,0.6436797,-0.11778336,0.17533612,-2.7817082,-0.91080034
G,0.5644594,1.2860028,-0.09720173,0.39843783,-2.2054176,-1.48912,-0.6411487,-1.0023344,0.9282384,-0.22312698,0.53821856,1.4994906,-1.0062019,0.7101614,0.15175192,0.1414549,-0.058928248,-0.6810199,-0.19289999,1.2668053,-0.5464306,0.6613798,-1.5431273,-0.7463862,0.37069902,-0.20366931,-0.39011624,-1.3629326,0.008491145,-1.221758,-0.41839942,-0.38927326
H,0.83908,1.1757607,-0.11245994,0.38650802,0.8232819,0.10358529,-0.009231077,1.5513425,0.19946112,0.15741526,0.16656506,0.58072966,-0.914431,1.342164,-0.3075944,0.44170365,0.6363545,-0.96731436,-1.5115101,-1.8996906,0.3268535,-1.1677958,-0.9651905,-0.13521032,0.0026623744,-3.792275,0.45506173,0.0024899393,-0.007428286,-1.0880909,0.68711597,0.07737955
I,0.3005344,-0.32430243,-0.27768332,-0.59933925,1.6021514,0.7777965,0.61210614,1.6329428,1.5039926,-0.05598061,-0.8555831,-1.0347015,0.5908463,-0.27136916,-1.7250857,-1.0912441,1.8410828,0.2782168,-0.222709,-0.5854346,-2.2253945,-0.39369678,-0.27289617,2.1722598,-0.30240422,0.82972884,-1.3947458,0.7965709,-1.0273006,0.14626884,-0.77770144,-1.7551214
K,-0.5415899,-1.007784,-0.40858898,-0.5295104,1.7513194,-0.70003736,2.0398688,-0.39328805,-1.2325758,0.30910343,-0.39088744,-0.058006488,0.6635149,-0.18272646,0.74331915,0.6346056,-1.5298038,-1.9034045,-1.241402,1.610199,-0.09750035,0.6270913,0.3554422,-1.18853,0.24067488,-0.3733789,-0.7214634,-1.0737956,0.46214765,-0.6619534,0.93818307,-0.31315172
L,-0.28937656,0.5944151,0.95017654,-0.109139636,-0.6127968,0.9982751,0.6165861,0.56486905,0.792953,-0.46755725,0.096101195,-0.060478564,0.19150645,0.6357707,-0.884056,0.49247134,-1.0855162,1.7980491,0.94420844,-2.3428872,2.2226303,-0.61885184,1.6261461,0.777793,0.7006438,0.36716726,0.46593323,0.75501615,-0.4636819,0.9734323,-1.3579485,1.1150049
M,0.06763084,1.5074253,-0.55832237,0.0681801,-0.3413519,0.52521116,0.012780327,-1.3762667,-0.32937795,1.1364632,-0.63379365,-0.7455713,0.87928337,-0.27648845,-0.24393103,0.061099716,-0.8106905,0.6246076,-1.1427523,0.6942431,0.30029988,1.4676428,1.8295516,-1.210498,-1.2009702,0.15619871,-0.11018371,0.8722985,-0.40653598,0.0058444105,-0.58880633,0.22027558
N,0.18586397,0.7480316,-0.74862784,0.21271537,-1.9523352,0.27403197,-1.1693231,-0.082399495,0.1669414,-0.7404083,0.011296682,1.5925187,0.076332845,1.41008,1.8138235,-0.041013733,-0.35658357,-0.70647144,-1.3457338,-0.07204944,-0.43394446,-0.9240953,1.7180268,2.3696308,0.33851963,-0.70531857,-1.0184844,0.6019459,-0.84076875,1.4046438,-0.03245403,-1.2594872
P,1.7711658,0.62542856,0.4722259,-0.17133321,-0.61369544,0.28246242,-1.0864631,-0.82009083,0.24800031,-0.30382356,0.5942548,0.88588643,0.45876017,-0.36368358,-0.17837608,-0.081943125,-1.611781,-0.18902227,0.037456,0.4055166,-0.77731365,-0.78232074,-0.76522934,-0.409502,-0.49890402,-0.26935902,0.45202965,0.8495694,0.4881556,0.29568362,-1.9573889,0.36371017
Q,0.19451703,1.3274404,-0.81877244,-1.2710367,-1.5410248,-0.9625565,-0.85173047,-0.84798497,-1.5963635,-1.1173618,-0.044169366,0.40330848,1.3997458,-0.24306108,1.2916266,1.0147372,-1.0658126,-1.3683771,-0.27090698,-0.94631845,0.9649065,-1.0935893,1.4689155,-0.62670845,-1.6770865,-0.26376536,0.9570082,-0.26595482,-1.0362448,-0.8933467,0.25761765,-0.20598714
R,-0.0902846,-0.4780383,0.37417787,0.91255134,-0.47686672,1.564905,-1.3343353,-0.8604003,0.11431276,0.5801414,-0.90473497,-1.6094822,-0.18688244,-0.6577863,0.51965517,-2.1354105,1.7079725,1.2228117,-0.51160383,1.1688882,0.24489872,-1.1514854,0.7795922,-0.7574664,-0.16022865,0.64333534,1.0960996,0.2388252,1.4367774,-0.87491155,-0.84046006,0.087179966
S,-0.17178875,-0.8421096,-1.9553691,0.056375463,-0.11130619,-1.0297668,0.8297248,-0.6079001,-0.66569006,-1.913365,-0.13831012,-0.07285743,-0.85847116,1.3840269,0.5550615,1.0277051,1.4599776,0.3331202,-0.40874308,-1.4321183,0.3574156,-0.27250016,1.9392006,0.12184754,-0.47149578,0.48405364,0.27875027,1.0717648,0.8844848,-0.29589045,0.62533325,-0.57789874
T,0.41903824,0.050148945,-0.9667274,1.6565224,-0.41547742,0.17314261,0.8520873,-0.32748875,0.48762095,1.0648543,1.0400372,0.31127262,-0.37246305,1.1051433,1.0266162,-0.17621063,1.1325922,0.31576818,1.0937506,1.1548858,-0.52497387,0.52661574,1.1012925,0.8063547,0.40588316,-0.2541077,0.37948835,0.87923956,0.021035582,0.7599229,-0.093336806,-1.1585997
V,-0.1520149,-1.3563421,0.0051123523,0.080256425,-0.6894319,-0.5428327,0.98944175,-0.09760937,-0.23019412,-0.06769095,0.63353276,0.773861,-0.6439551,0.62347543,0.20303923,0.06316757,-0.008636001,0.13816766,1.8062695,-0.60967153,1.2405064,0.09903518,-0.4452354,-0.90193087,-0.017846022,-0.16575989,-2.5268419,-0.48092368,1.3736815,-0.9788068,0.7087819,-0.7210317
W,0.39203444,0.14444199,0.09061738,0.07572509,1.0782291,0.8553972,-0.07354167,0.05384409,-0.031167291,1.9751092,-0.641432,1.0809071,-0.3959775,1.1378208,-0.5558266,1.598688,-0.14067362,-1.5437863,-0.18942659,-0.43354657,-2.1647258,0.5814036,1.6182724,-0.93935645,-0.6752151,0.10923158,-0.61150414,-0.6838325,1.3937886,-1.0116532,-1.3532009,0.59397554
Y,0.50093305,-0.35535082,0.496109,-0.6271432,1.6106744,-0.7611616,-0.2574053,-0.8046095,-1.6608931,0.25590578,0.2167807,0.9651669,0.4519298,1.139415,1.0270646,0.2687403,0.50206774,1.4815859,-0.8685921,-0.64079344,0.22780778,0.11393223,0.07436759,-1.4222298,0.05051729,0.79770464,-0.39385217,1.3416383,-0.2765831,-0.9763171,1.0767317,0.7236105
e,0.089604475,-0.99992484,-0.30887818,0.01534139,-0.350316,-0.53998584,0.36715037,0.86934656,0.6286334,1.310775,-0.23310973,-0.8430007,2.1803024,0.2890286,-0.28358528,-1.1018093,-0.13172783,1.1004055,0.39507946,0.30593503,-0.9029665,0.5596204,2.0982122,-1.3299203,-1.9042481,-1.2229339,-0.5662766,0.012138453,-0.23628198,-0.22885166,-0.18143079,-1.313869
