s,0.78642994,0.5842909,-0.7562897,-1.7039503,-0.57964134,-0.89342254,0.3063322,-0.47497416,-1.5611241,0.42856902,0.35524237,-0.7919624,0.9618916,0.6406188,1.385588,0.06687305,-0.08331591,-0.38664162,1.2538874,0.69615114,1.0228374,-1.1664845,-0.49835807,1.5896518,-0.07858787,-0.7937223,0.34167084,1.2550988,-0.31026563,0.35304806,0.0025453686,0.14877225
A,0.9303884,0.9093454,-0.926112,-0.30965972,0.51342154,-1.1098465,2.0791514,1.8802824,-0.90875083,-0.13990006,0.5785403,0.7241641,-0.9420398,-0.50250494,0.5087765,-0.3752312,0.4071698,0.53576595,-0.5596546,1.0941366,-1.0804127,0.8239196,-1.0697414,-0.7210059,-0.85972667,-0.78399014,-0.49406114,-1.4051011,0.18992874,1.2824574,0.28020307,-0.15997738
C,1.104348,-0.52206707,-0.34420672,2.1065736,-0.45001948,-1.6263213,0.16054776,-0.40428275,-0.6782209,0.13285406,-0.0027534585,-1.036121,-0.65779346,-0.41172227,-0.64412594,0.5192533,-0.7690914,1.1317773,1.2079165,0.31506562,0.60981196,0.24883126,1.568207,1.1029652,1.3033062,0.33855608,-0.15185684,0.5431682,0.27165037,-0.64201826,-0.5263409,0.3880404
D,0.08741389,-0.052296225,-1.6165746,1.0345528,0.6678294,0.73304343,-2.176538,-0.17080879,-0.6442881,-0.3958474,0.24838796,-0.10816296,0.4445099,-1.90792,0.9431149,1.2966491,0.41933006,-0.1004174,-1.0009712,1.9581319,-1.1174911,0.21214823,-0.7160465,0.16137022,-2.468368,-1.4630083,0.99347544,-0.7792039,-0.25268823,0.4709032,-0.3606391,-0.13946511
E,0.8315118,1.3605357,0.46078306,-0.6924247,1.5273551,-0.35008067,-0.61544377,-0.054141365,1.6760993,-0.7453233,-1.7949088,-1.6956722,-1.0993172,-1.3875108,-0.9061591,0.9725894,-0.354277,2.2944272,-1.6787685,-0.16971642,-0.043810945,0.3184178,-1.2851468,1.3371816,0.32619262,-0.7125703,0.72212696,0.508491,-0.23171397,0.9386891,-0.36087874,0.095121
F,-0.40210575,-0.78395635,0.09555783,-0.02218224,1.9908656,1.0023105,0.7989504,-0.6197795,-0.09067651,1.0965761,-0.86207956,0.53639114,-0.4426978,-0.11057997,1.3495523,-0.9154004,-0.974669,-1.7352723,0.4430284,-1.9462415,0.43875188,-0.33269864,-0.4203189,1.5583674,-1.1690545,-0.39076164,-0.55569535,-0.41082442,-0.21302585,-1.9943079,0.3506275,1.4631382
G,0.15933016,-1.0935276,1.058127,-1.7445394,-0.27155954,1.5128288,-0.045009803,-1.1677178,0.7868386,1.0863442,-0.3697591,-0.30706793,-0.86337155,-0.02203581,0.05852304,-0.08565488,1.4236389,0.3010548,2.0939155,-0.6795602,-0.84755635,-0.096861914,-0.08817517,-1.7097815,0.26833054,1.087171,0.42191932,-0.8609883,-1.9031898,-0.053056654,0.50756836,0.4325091
H,-0.8170563,-1.3758498,0.20186777,1.0519832,-1.1408427,-0.3442776,-0.70246834,0.12692754,0.9971771,0.8626417,-0.5404433,-0.17092118,1.3972661,1.5730517,0.18298434,-1.8027134,-0.7382974,-0.5197326,-0.4193465,0.56890774,0.4110277,0.44003138,-0.6953355,1.5411373,-0.2414706,0.17799662,-1.4146796,-0.9457063,0.71316993,-0.96532345,1.3298235,-1.6689632
I,-1.2476516,0.4639648,-0.81965965,2.320166,0.44384354,0.58988696,-1.3770437,0.52313596,0.49066404,-0.13520996,-0.14129618,1.1741339,-0.7473526,1.5037838,2.1708703,-0.0033404042,0.92497367,-0.12764661,1.4448394,0.7979757,0.91047907,-0.004303559,0.2526576,1.3619921,-1.4473269,2.8070989,1.5063441,-0.7951336,1.270824,0.086687334,-0.32857436,-0.7978284
K,1.5089393,0.566531,0.9386469,-0.8503635,-0.3034037,-0.3799527,-0.30478245,0.018953793,1.3876754,0.5131608,-0.1718008,-1.3091838,-0.6811287,-1.1071045,-0.56194234,0.99149454,-1.386309,0.01597682,-0.32930428,-0.3249866,1.358068,-0.33789104,-1.137422,-0.41477802,0.539236,1.7447011,1.1605443,-0.43789998,-1.6972573,-0.6458036,-0.9308542,0.16513455
L,-0.08693545,0.16621284,-1.3536098,0.9416451,0.92982984,-0.65204865,-0.9689662,-0.83787,1.4020058,1.1527842,0.48420924,0.7887032,-0.6159815,-0.21552016,1.8047765,-0.21679187,-1.3040336,-0.71448547,-1.3928505,-0.1537743,-1.1391972,-1.380734,-0.81424433,-0.1475586,1.2147882,1.0110636,0.20819613,1.2847507,1.9583998,-1.032044,0.07108249,0.375405
M,-0.35503858,1.0487581,0.8420981,-0.041078426,-1.4389673,-1.6419237,-0.535764,-1.6213248,0.805382,-0.24516995,1.1702064,0.54984397,0.6030297,-2.1710355,1.3836191,-0.2932026,0.60046947,-0.054008152,0.9973219,-0.86087584,-0.8124926,-0.9068858,-0.77293533,1.0556272,0.7331173,0.36085716,-0.8082681,0.5679649,0.10982271,0.4662475,-0.21215887,-0.3659382
N,-0.66318697,-0.49485332,0.49679133,-0.9332112,0.43937224,-0.28720474,0.58175904,0.5696063,-0.51852155,-0.5876728,1.1061008,-0.33712003,-0.20771529,0.97469777,-0.25376254,2.3972883,1.0868231,0.62066835,1.3519443,-0.15848371,-1.025984,0.018409919,-1.6403215,1.2741877,0.14706336,-1.1558857,0.17897324,-0.32046947,1.5006119,0.19805922,-0.97482866,-0.9967371
P,0.112695545,-0.54146373,-0.5895669,0.2547283,0.25970516,0.12187323,-0.087373905,0.37791622,0.48152962,1.3027786,0.4630666,-0.46670002,1.0275545,-0.24214095,-1.1235344,0.501565,2.0855284,0.66149396,0.9722725,-1.1539527,2.3187082,0.29245615,1.0697908,-0.73135555,-0.21052869,0.24351333,0.8596707,-0.019301694,0.62503153,-0.07253351,-0.64576656,0.5727562
Q,-1.3244029,-0.3563926,0.37766275,-0.33909488,0.4502899,-0.63303417,1.2837198,0.13200746,-1.3873827,0.3913331,-0.5278761,-0.03713423,-0.06555708,0.53082156,0.4292864,-0.5835027,1.167876,-0.23863107,-0.641384,-0.12497715,0.13689122,-0.40320018,-1.0893626,0.0797811,0.9901419,-1.1718944,0.6026885,-0.67957747,0.90193456,0.99970394,-1.1505219,0.5176879
R,0.38710004,0.5867257,-1.8690592,-0.76360667,-0.08944542,0.85481995,0.13449098,0.9472081,0.17004916,-0.80200315,-1.1327671,0.45274097,2.0250084,-0.25681952,0.13476577,-0.34614187,-1.2146544,0.07761686,0.37352684,-1.5404563,-0.24451122,-0.022732897,-1.9927465,0.39416993,-0.62095994,-1.6334366,-0.6108534,0.6553885,-0.2631853,0.25685152,-0.98561186,0.17905608
S,0.4964205,1.1512046,-0.34284613,0.26266426,0.08070807,0.8439118,0.53843796,0.21858647,-1.010937,-0.4588993,-1.0861453,0.66764486,1.6241057,0.53235227,-0.9020198,-0.5617548,0.783107,-0.14461704,-0.9306052,1.9616165,0.93505347,-0.24214706,1.1877208,-0.12812927,0.37692693,-1.79295,0.74853116,0.6366347,0.8744182,-0.6743375,0.034030832,0.11809808
T,-0.3847071,0.9337309,0.30824634,-1.3084732,0.46269298,0.030211959,0.37443975,0.9729828,0.9712855,0.81672937,-1.0513406,-0.42707872,0.067334235,0.9053594,1.4608932,1.6546036,-0.6088247,-1.5329609,-1.6777548,0.3452138,1.2031919,0.50969267,0.4035459,-0.4508401,1.5385981,-0.12136079,-0.47061485,-0.29771212,0.05877094,1.050362,0.16313607,0.13144696
V,3.179184,0.15955059,0.7144854,-0.14634107,0.3829838,0.3700017,-0.12120308,-0.888202,-0.3839368,-1.3807535,-1.3970886,0.32265717,-0.7477668,0.41945508,0.35078087,-1.031458,-0.4491851,-0.9198702,-0.42320564,0.4425679,0.80118316,0.01103578,0.197832,0.76303995,0.8857624,-0.96963257,-0.8289797,0.9430403,1.6004115,-0.8925391,-0.86293185,-0.20419258
W,0.9956776,-0.27274612,-0.16220595,1.2378489,0.77657086,1.8153465,-0.12236233,1.4929919,-2.1327267,0.8655354,-0.28124472,-1.0373559,-0.06694668,-0.33254957,0.047894504,-0.13770823,-0.728194,0.55675244,-0.48503292,-0.33126247,-1.1213629,0.54301596,-1.3995249,0.2741841,0.42649117,0.8534964,1.3738685,0.096694395,-1.194977,0.047771607,-0.17153761,0.53681594
Y,-0.28734156,0.533531,-0.8898213,-0.7090742,0.9180997,0.04267462,-0.9252968,1.4523422,-1.6411203,2.554336,-0.08395412,-1.1549765,0.38733274,0.9935419,0.53219676,1.7600573,-0.7934524,-0.46031138,0.50171876,-0.26629126,-0.5031984,0.7188343,0.18091041,0.23210113,0.5594241,-0.07427789,-0.40358043,-0.60199535,0.2006112,0.7520911,0.60720116,1.508616
e,-1.6087531,1.5167097,2.3081133,0.40919217,-0.7360867,-0.61064374,-0.51691437,-0.27588508,0.57775396,0.7445023,0.49565434,-0.5968814,-0.01927967,1.0434736,-2.360812,-0.0930444,-1.2284753,-0.5182176,0.14111993,0.35715097,-1.3247311,0.9889206,0.95544404,-1.3575624,-0.5057257,2.8114831,-1.0168242,-0.15623401,1.5292838,0.49745062,-0.7838855,0.64145005
